0.004 0.131
-0.027 0.012
0.064 -0.139
-0.182 0.069
0.039 0.194
-0.005 -0.120
0.029 -0.026
-0.069 0.146
0.192 -0.034
-0.028 -0.193
0.007 0.108
-0.032 0.039
0.074 -0.152
-0.196 -0.005
0.020 0.190
-0.008 -0.096
0.036 -0.053
-0.080 0.156
0.191 0.045
-0.014 -0.186
0.010 0.083
-0.039 0.066
0.088 -0.159
-0.179 -0.083
0.010 0.181
-0.012 -0.070
0.042 -0.079
-0.097 0.159
0.161 0.117
-0.007 -0.174
0.014 0.056
-0.045 0.091
0.108 -0.156
-0.138 -0.145
0.005 0.167
-0.016 -0.042
0.049 -0.102
-0.121 0.149
0.113 0.166
-0.004 -0.159
0.019 0.028
-0.052 0.113
0.137 -0.137
-0.089 -0.180
0.004 0.150
-0.022 -0.014
0.056 -0.123
-0.154 0.120
0.068 0.189
-0.004 -0.140
0.024 -0.000
-0.060 0.132
0.171 -0.095
-0.050 -0.193
0.004 0.129
-0.027 0.014
0.065 -0.140
-0.185 0.064
0.037 0.194
-0.005 -0.118
0.030 -0.028
-0.069 0.147
0.193 -0.028
-0.026 -0.193
0.007 0.106
-0.033 0.042
0.075 -0.153
-0.195 -0.012
0.019 0.190
-0.008 -0.093
0.036 -0.055
-0.082 0.157
0.190 0.051
-0.013 -0.185
0.010 0.081
-0.039 0.068
0.089 -0.159
-0.177 -0.089
0.009 0.180
-0.012 -0.067
0.042 -0.081
-0.098 0.158
0.157 0.122
-0.007 -0.173
0.014 0.054
-0.046 0.093
0.110 -0.155
-0.134 -0.149
0.005 0.166
-0.017 -0.040
0.049 -0.104
-0.124 0.148
0.109 0.169
-0.004 -0.157
0.019 0.026
-0.053 0.115
0.140 -0.135
-0.085 -0.182
0.004 0.148
-0.022 -0.012
0.057 -0.125
-0.157 0.116
0.065 0.190
-0.004 -0.138
0.025 -0.002
-0.061 0.133
0.173 -0.090
-0.048 -0.193
0.005 0.127
-0.028 0.016
0.065 -0.141
-0.186 0.058
0.035 0.194
-0.006 -0.116
0.030 -0.030
-0.070 0.148
0.194 -0.021
-0.025 -0.192
0.007 0.104
-0.033 0.044
0.076 -0.153
-0.195 -0.018
0.018 0.189
-0.009 -0.091
0.037 -0.057
-0.083 0.157
0.188 0.058
-0.012 -0.184
0.011 0.078
-0.040 0.070
0.091 -0.159
-0.174 -0.095
0.009 0.179
-0.013 -0.065
0.043 -0.083
-0.100 0.158
0.153 0.127
-0.006 -0.172
0.015 0.051
-0.046 0.095
0.112 -0.154
-0.130 -0.152
0.005 0.164
-0.017 -0.037
0.050 -0.106
-0.126 0.146
0.105 0.171
-0.004 -0.156
0.020 0.023
-0.054 0.116
0.142 -0.132
-0.081 -0.184
0.004 0.146
-0.022 -0.009
0.057 -0.126
-0.160 0.112
0.061 0.191
-0.004 -0.136
0.025 -0.005
-0.062 0.135
0.176 -0.085
-0.045 -0.193
0.005 0.125
-0.028 0.019
0.066 -0.143
-0.188 0.052
0.033 0.194
-0.006 -0.114
0.031 -0.033
-0.071 0.149
0.195 -0.015
-0.023 -0.192
0.007 0.102
-0.034 0.046
0.077 -0.154
-0.194 -0.025
0.017 0.188
-0.009 -0.089
0.037 -0.060
-0.084 0.158
0.186 0.064
-0.012 -0.183
0.011 0.076
-0.040 0.072
0.092 -0.159
-0.171 -0.101
0.008 0.178
-0.013 -0.063
0.044 -0.085
-0.102 0.158
0.150 0.132
-0.006 -0.171
0.015 0.049
-0.047 0.097
0.114 -0.153
-0.125 -0.156
0.005 0.163
-0.018 -0.035
0.050 -0.108
-0.129 0.144
0.101 0.174
-0.004 -0.154
0.020 0.021
-0.054 0.118
0.145 -0.129
-0.078 -0.185
0.004 0.145
-0.023 -0.007
0.058 -0.128
-0.162 0.108
0.058 0.191
-0.004 -0.134
0.026 -0.007
-0.062 0.136
0.178 -0.080
-0.043 -0.194
0.005 0.123
-0.029 0.021
0.067 -0.144
-0.190 0.046
0.031 0.193
-0.006 -0.112
0.031 -0.035
-0.072 0.150
0.195 -0.008
-0.022 -0.191
0.008 0.100
-0.035 0.049
0.078 -0.155
-0.194 -0.032
0.016 0.188
-0.009 -0.087
0.038 -0.062
-0.085 0.158
0.184 0.071
-0.011 -0.183
0.011 0.074
-0.041 0.075
0.094 -0.159
-0.167 -0.106
0.008 0.176
-0.013 -0.060
0.044 -0.087
-0.104 0.157
0.146 0.136
-0.006 -0.169
0.016 0.047
-0.048 0.099
0.116 -0.152
-0.121 -0.160
0.004 0.161
-0.018 -0.033
0.051 -0.110
-0.131 0.142
0.097 0.176
-0.004 -0.153
0.021 0.019
-0.055 0.120
0.148 -0.126
-0.074 -0.186
0.004 0.143
-0.023 -0.005
0.059 -0.129
-0.165 0.104
0.056 0.192
-0.004 -0.133
0.026 -0.009
-0.063 0.138
0.180 -0.075
-0.041 -0.194
0.005 0.122
-0.029 0.023
0.068 -0.145
-0.191 0.040
0.029 0.193
-0.006 -0.110
0.032 -0.037
-0.073 0.151
0.196 -0.001
-0.021 -0.191
0.008 0.098
-0.035 0.051
0.079 -0.156
-0.193 -0.038
0.015 0.187
-0.010 -0.085
0.038 -0.064
-0.086 0.158
0.182 0.077
-0.010 -0.182
0.012 0.072
-0.041 0.077
0.095 -0.159
-0.164 -0.112
0.007 0.175
-0.014 -0.058
0.045 -0.089
-0.106 0.157
0.142 0.141
-0.005 -0.168
0.016 0.044
-0.048 0.100
0.119 -0.151
-0.117 -0.163
0.004 0.160
-0.018 -0.030
0.052 -0.111
-0.134 0.140
0.093 0.178
-0.004 -0.151
0.021 0.016
-0.055 0.121
0.151 -0.123
-0.071 -0.188
0.004 0.141
-0.024 -0.002
0.059 -0.131
-0.168 0.099
0.053 0.192
-0.004 -0.131
0.027 -0.012
-0.064 0.139
0.183 -0.069
-0.038 -0.194
0.005 0.120
-0.030 0.026
0.069 -0.146
-0.192 0.034
0.028 0.193
-0.007 -0.108
0.032 -0.040
-0.074 0.152
0.196 0.005
-0.020 -0.190
0.008 0.096
-0.036 0.053
0.080 -0.156
-0.191 -0.045
0.014 0.186
-0.010 -0.083
0.039 -0.066
-0.088 0.159
0.179 0.083
-0.010 -0.181
0.012 0.069
-0.042 0.079
0.097 -0.159
-0.161 -0.117
0.007 0.174
-0.014 -0.056
0.045 -0.091
-0.108 0.156
0.138 0.145
-0.005 -0.167
0.016 0.042
-0.049 0.102
0.121 -0.149
-0.113 -0.166
0.004 0.159
-0.019 -0.028
0.052 -0.113
-0.137 0.137
0.089 0.180
-0.004 -0.149
0.022 0.014
-0.056 0.123
0.154 -0.119
-0.068 -0.189
0.004 0.140
-0.024 0.000
0.060 -0.132
-0.171 0.095
0.050 0.193
-0.005 -0.129
0.027 -0.014
-0.065 0.140
0.185 -0.064
-0.037 -0.194
0.005 0.118
-0.030 0.028
0.069 -0.147
-0.194 0.027
0.026 0.193
-0.007 -0.106
0.033 -0.042
-0.075 0.153
0.195 0.012
-0.019 -0.190
0.008 0.093
-0.036 0.055
0.082 -0.157
-0.190 -0.052
0.013 0.185
-0.010 -0.080
0.039 -0.068
-0.089 0.159
0.176 0.089
-0.009 -0.180
0.012 0.067
-0.042 0.081
0.099 -0.158
-0.157 -0.122
0.007 0.173
-0.014 -0.054
0.046 -0.093
-0.110 0.155
0.134 0.149
-0.005 -0.166
0.017 0.040
-0.049 0.104
0.124 -0.148
-0.109 -0.169
0.004 0.157
-0.019 -0.026
0.053 -0.115
-0.140 0.135
0.085 0.182
-0.004 -0.148
0.022 0.012
-0.057 0.125
0.157 -0.116
-0.064 -0.190
0.004 0.138
-0.025 0.003
0.061 -0.134
-0.173 0.090
0.048 0.193
-0.005 -0.127
0.028 -0.017
-0.065 0.141
0.187 -0.058
-0.035 -0.194
0.006 0.116
-0.030 0.031
0.070 -0.148
-0.194 0.021
0.025 0.192
-0.007 -0.104
0.033 -0.044
-0.076 0.153
0.195 0.019
-0.018 -0.189
0.009 0.091
-0.037 0.057
0.083 -0.157
-0.188 -0.058
0.012 0.184
-0.011 -0.078
0.040 -0.070
-0.091 0.159
0.174 0.095
-0.009 -0.179
0.013 0.065
-0.043 0.083
0.100 -0.158
-0.153 -0.127
0.006 0.172
-0.015 -0.051
0.046 -0.095
-0.112 0.154
0.129 0.153
-0.005 -0.164
0.017 0.037
-0.050 0.106
0.126 -0.146
-0.105 -0.171
0.004 0.156
-0.020 -0.023
0.054 -0.117
-0.143 0.132
0.081 0.184
-0.004 -0.146
0.022 0.009
-0.057 0.126
0.160 -0.112
-0.061 -0.191
0.004 0.136
-0.025 0.005
0.062 -0.135
-0.176 0.085
0.045 0.194
-0.005 -0.125
0.028 -0.019
-0.066 0.143
0.188 -0.052
-0.033 -0.194
0.006 0.114
-0.031 0.033
0.071 -0.149
-0.195 0.014
0.023 0.192
-0.007 -0.102
0.034 -0.046
-0.077 0.154
0.194 0.026
-0.017 -0.188
0.009 0.089
-0.037 0.060
0.084 -0.158
-0.186 -0.065
0.012 0.183
-0.011 -0.076
0.040 -0.073
-0.092 0.159
0.171 0.101
-0.008 -0.177
0.013 0.063
-0.044 0.085
0.102 -0.158
-0.149 -0.132
0.006 0.171
-0.015 -0.049
0.047 -0.097
-0.114 0.153
0.125 0.156
-0.004 -0.163
0.018 0.035
-0.051 0.108
0.129 -0.144
-0.101 -0.174
0.004 0.154
-0.020 -0.021
0.054 -0.118
-0.145 0.129
0.078 0.185
-0.004 -0.145
0.023 0.007
-0.058 0.128
0.163 -0.108
-0.058 -0.191
0.004 0.134
-0.026 0.007
0.062 -0.136
-0.178 0.080
0.043 0.194
-0.005 -0.123
0.029 -0.021
-0.067 0.144
0.190 -0.046
-0.031 -0.193
0.006 0.112
-0.031 0.035
0.072 -0.150
-0.195 0.008
0.022 0.191
-0.008 -0.100
0.035 -0.049
-0.078 0.155
0.194 0.032
-0.016 -0.187
0.009 0.087
-0.038 0.062
0.085 -0.158
-0.184 -0.071
0.011 0.182
-0.011 -0.074
0.041 -0.075
-0.094 0.159
0.167 0.106
-0.008 -0.176
0.013 0.060
-0.044 0.087
0.104 -0.157
-0.146 -0.136
0.006 0.169
-0.016 -0.047
0.048 -0.099
-0.117 0.152
0.121 0.160
-0.004 -0.161
0.018 0.033
-0.051 0.110
0.132 -0.142
-0.097 -0.176
0.004 0.153
-0.021 -0.019
0.055 -0.120
-0.148 0.126
0.074 0.187
-0.004 -0.143
0.023 0.004
-0.059 0.129
0.165 -0.103
-0.055 -0.192
0.004 0.132
-0.026 0.010
0.063 -0.138
-0.181 0.074
0.040 0.194
-0.005 -0.121
0.029 -0.024
-0.068 0.145
0.191 -0.039
-0.029 -0.193
0.006 0.110
-0.032 0.037
0.073 -0.151
-0.196 0.001
0.021 0.191
-0.008 -0.097
0.035 -0.051
-0.079 0.156
0.192 0.039
-0.015 -0.187
0.010 0.085
-0.038 0.064
0.087 -0.158
-0.182 -0.077
0.010 0.182
-0.012 -0.072
0.041 -0.077
-0.095 0.159
0.164 0.112
-0.007 -0.175
0.014 0.058
-0.045 0.089
0.106 -0.157
-0.142 -0.141
0.005 0.168
-0.016 -0.044
0.048 -0.101
-0.119 0.150
0.117 0.163
-0.004 -0.160
0.019 0.030
-0.052 0.111
0.134 -0.140
-0.093 -0.178
0.004 0.151
-0.021 -0.016
0.055 -0.122
-0.151 0.123
0.071 0.188
-0.004 -0.141
0.024 0.002
-0.060 0.131
0.168 -0.099
-0.053 -0.192
0.004 0.131
-0.027 0.012
0.064 -0.139
-0.183 0.069
0.038 0.194
-0.005 -0.119
0.030 -0.026
-0.069 0.146
0.193 -0.033
-0.028 -0.193
0.007 0.108
-0.033 0.040
0.074 -0.152
-0.196 -0.006
0.020 0.190
-0.008 -0.095
0.036 -0.053
-0.080 0.156
0.191 0.046
-0.014 -0.186
0.010 0.083
-0.039 0.066
0.088 -0.159
-0.179 -0.083
0.010 0.181
-0.012 -0.069
0.042 -0.079
-0.097 0.159
0.160 0.117
-0.007 -0.174
0.014 0.056
-0.045 0.091
0.108 -0.156
-0.137 -0.145
0.005 0.167
-0.016 -0.042
0.049 -0.102
-0.121 0.149
0.113 0.166
-0.004 -0.158
0.019 0.028
-0.052 0.113
0.137 -0.137
-0.089 -0.180
0.004 0.149
-0.022 -0.014
0.056 -0.123
-0.154 0.119
0.067 0.189
-0.004 -0.139
0.024 -0.000
-0.060 0.132
0.171 -0.094
-0.050 -0.193
0.004 0.129
-0.027 0.014
0.065 -0.140
-0.185 0.063
0.036 0.194
-0.005 -0.118
0.030 -0.028
-0.070 0.147
0.194 -0.027
-0.026 -0.192
0.007 0.106
-0.033 0.042
0.075 -0.153
-0.195 -0.012
0.019 0.189
-0.008 -0.093
0.036 -0.055
-0.082 0.157
0.190 0.052
-0.013 -0.185
0.010 0.080
-0.039 0.068
0.089 -0.159
-0.176 -0.090
0.009 0.180
-0.012 -0.067
0.043 -0.081
-0.099 0.158
0.157 0.122
-0.007 -0.173
0.014 0.053
-0.046 0.093
0.110 -0.155
-0.133 -0.149
0.005 0.165
-0.017 -0.040
0.049 -0.104
-0.124 0.147
0.109 0.169
-0.004 -0.157
0.019 0.026
-0.053 0.115
0.140 -0.135
-0.085 -0.182
0.004 0.148
-0.022 -0.011
0.057 -0.125
-0.157 0.116
0.064 0.190
-0.004 -0.138
0.025 -0.003
-0.061 0.134
0.173 -0.090
-0.047 -0.193
0.005 0.127
-0.028 0.017
0.065 -0.142
-0.187 0.057
0.034 0.194
-0.006 -0.116
0.031 -0.031
-0.070 0.148
0.194 -0.020
-0.025 -0.192
0.007 0.104
-0.034 0.044
0.076 -0.153
-0.195 -0.019
0.018 0.189
-0.009 -0.091
0.037 -0.058
-0.083 0.157
0.188 0.059
-0.012 -0.184
0.011 0.078
-0.040 0.071
0.091 -0.159
-0.173 -0.095
0.009 0.178
-0.013 -0.065
0.043 -0.083
-0.100 0.158
0.153 0.127
-0.006 -0.172
0.015 0.051
-0.046 0.095
0.112 -0.154
-0.129 -0.153
0.005 0.164
-0.017 -0.037
0.050 -0.106
-0.126 0.146
0.104 0.172
-0.004 -0.155
0.020 0.023
-0.054 0.117
0.143 -0.132
-0.081 -0.184
0.004 0.146
-0.022 -0.009
0.058 -0.126
-0.160 0.112
0.061 0.191
-0.004 -0.136
0.025 -0.005
-0.062 0.135
0.176 -0.085
-0.045 -0.194
0.005 0.125
-0.028 0.019
0.066 -0.143
-0.188 0.051
0.033 0.194
-0.006 -0.114
0.031 -0.033
-0.071 0.149
0.195 -0.014
-0.023 -0.192
0.007 0.102
-0.034 0.047
0.077 -0.154
-0.194 -0.026
0.017 0.188
-0.009 -0.089
0.037 -0.060
-0.084 0.158
0.186 0.065
-0.012 -0.183
0.011 0.076
-0.040 0.073
0.092 -0.159
-0.170 -0.101
0.008 0.177
-0.013 -0.062
0.044 -0.085
-0.102 0.158
0.149 0.132
-0.006 -0.171
0.015 0.049
-0.047 0.097
0.114 -0.153
-0.125 -0.157
0.005 0.163
-0.018 -0.035
0.051 -0.108
-0.129 0.144
0.100 0.174
-0.004 -0.154
0.020 0.021
-0.054 0.118
0.146 -0.129
-0.078 -0.185
0.004 0.144
-0.023 -0.007
0.058 -0.128
-0.163 0.108
0.058 0.191
-0.004 -0.134
0.026 -0.007
-0.062 0.136
0.178 -0.079
-0.043 -0.194
0.005 0.123
-0.029 0.021
0.067 -0.144
-0.190 0.045
0.031 0.193
-0.006 -0.112
0.032 -0.035
-0.072 0.150
0.195 -0.007
-0.022 -0.191
0.008 0.099
-0.035 0.049
0.078 -0.155
-0.193 -0.033
0.016 0.187
-0.009 -0.087
0.038 -0.062
-0.085 0.158
0.184 0.071
-0.011 -0.182
0.011 0.074
-0.041 0.075
0.094 -0.159
-0.167 -0.107
0.008 0.176
-0.013 -0.060
0.044 -0.087
-0.104 0.157
0.145 0.137
-0.006 -0.169
0.016 0.046
-0.048 0.099
0.117 -0.152
-0.121 -0.160
0.004 0.161
-0.018 -0.033
0.051 -0.110
-0.132 0.142
0.096 0.176
-0.004 -0.152
0.021 0.018
-0.055 0.120
0.148 -0.126
-0.074 -0.187
0.004 0.143
-0.023 -0.004
0.059 -0.129
-0.166 0.103
0.055 0.192
-0.004 -0.132
0.026 -0.010
-0.063 0.138
0.181 -0.074
-0.040 -0.194
0.005 0.121
-0.029 0.024
0.068 -0.145
-0.191 0.039
0.029 0.193
-0.006 -0.110
0.032 -0.038
-0.073 0.151
0.196 -0.001
-0.021 -0.191
0.008 0.097
-0.035 0.051
0.079 -0.156
-0.192 -0.039
0.015 0.187
-0.010 -0.085
0.038 -0.064
-0.087 0.158
0.181 0.078
-0.010 -0.181
0.012 0.071
-0.041 0.077
0.095 -0.159
-0.164 -0.112
0.007 0.175
-0.014 -0.058
0.045 -0.089
-0.106 0.157
0.141 0.141
-0.005 -0.168
0.016 0.044
-0.048 0.101
0.119 -0.150
-0.117 -0.163
0.004 0.160
-0.019 -0.030
0.052 -0.112
-0.134 0.139
0.092 0.178
-0.004 -0.151
0.021 0.016
-0.056 0.122
0.151 -0.123
-0.070 -0.188
0.004 0.141
-0.024 -0.002
0.060 -0.131
-0.168 0.099
0.052 0.193
-0.004 -0.131
0.027 -0.012
-0.064 0.139
0.183 -0.068
-0.038 -0.194
0.005 0.119
-0.030 0.026
0.069 -0.146
-0.193 0.033
0.028 0.193
-0.007 -0.108
0.033 -0.040
-0.074 0.152
0.196 0.006
-0.020 -0.190
0.008 0.095
-0.036 0.053
0.081 -0.156
-0.191 -0.046
0.014 0.186
-0.010 -0.082
0.039 -0.066
-0.088 0.159
0.179 0.084
-0.010 -0.181
0.012 0.069
-0.042 0.079
0.097 -0.159
-0.160 -0.118
0.007 0.174
-0.014 -0.056
0.045 -0.091
-0.108 0.156
0.137 0.145
-0.005 -0.167
0.016 0.042
-0.049 0.103
0.122 -0.149
-0.112 -0.166
0.004 0.158
-0.019 -0.028
0.052 -0.113
-0.137 0.137
0.088 0.180
-0.004 -0.149
0.022 0.014
-0.056 0.123
0.154 -0.119
-0.067 -0.189
0.004 0.139
-0.024 0.000
0.060 -0.132
-0.171 0.094
0.050 0.193
-0.004 -0.129
0.027 -0.015
-0.065 0.140
0.185 -0.063
-0.036 -0.194
0.006 0.117
-0.030 0.028
0.070 -0.147
-0.194 0.026
0.026 0.193
-0.007 -0.106
0.033 -0.042
-0.075 0.153
0.195 0.013
-0.018 -0.189
0.008 0.093
-0.036 0.056
0.082 -0.157
-0.190 -0.052
0.013 0.185
-0.010 -0.080
0.039 -0.068
-0.089 0.159
0.176 0.090
-0.009 -0.179
0.012 0.067
-0.043 0.081
0.099 -0.158
-0.157 -0.123
0.007 0.173
-0.015 -0.053
0.046 -0.093
-0.110 0.155
0.133 0.149
-0.005 -0.165
0.017 0.039
-0.049 0.104
0.124 -0.147
-0.108 -0.169
0.004 0.157
-0.019 -0.025
0.053 -0.115
-0.140 0.134
0.085 0.182
-0.004 -0.148
0.022 0.011
-0.057 0.125
0.157 -0.115
-0.064 -0.190
0.004 0.138
-0.025 0.003
0.061 -0.134
-0.174 0.089
0.047 0.193
-0.005 -0.127
0.028 -0.017
-0.065 0.142
0.187 -0.057
-0.034 -0.194
0.006 0.115
-0.031 0.031
0.070 -0.148
-0.194 0.020
0.025 0.192
-0.007 -0.103
0.034 -0.044
-0.076 0.153
0.195 0.020
-0.018 -0.189
0.009 0.091
-0.037 0.058
0.083 -0.157
-0.188 -0.059
0.012 0.184
-0.011 -0.078
0.040 -0.071
-0.091 0.159
0.173 0.096
-0.009 -0.178
0.013 0.065
-0.043 0.083
0.101 -0.158
-0.153 -0.128
0.006 0.172
-0.015 -0.051
0.046 -0.095
-0.112 0.154
0.129 0.153
-0.005 -0.164
0.017 0.037
-0.050 0.106
0.127 -0.146
-0.104 -0.172
0.004 0.155
-0.020 -0.023
0.054 -0.117
-0.143 0.132
0.081 0.184
-0.004 -0.146
0.022 0.009
-0.058 0.126
0.160 -0.111
-0.061 -0.191
0.004 0.136
-0.025 0.005
0.062 -0.135
-0.176 0.084
0.045 0.194
-0.005 -0.125
0.028 -0.019
-0.066 0.143
0.188 -0.051
-0.033 -0.194
0.006 0.114
-0.031 0.033
0.071 -0.149
-0.195 0.014
0.023 0.192
-0.007 -0.101
0.034 -0.047
-0.077 0.154
0.194 0.026
-0.016 -0.188
0.009 0.089
-0.037 0.060
0.084 -0.158
-0.186 -0.066
0.012 0.183
-0.011 -0.076
0.040 -0.073
-0.092 0.159
0.170 0.102
-0.008 -0.177
0.013 0.062
-0.044 0.085
0.102 -0.158
-0.149 -0.132
0.006 0.170
-0.015 -0.049
0.047 -0.097
-0.115 0.153
0.125 0.157
-0.004 -0.163
0.018 0.035
-0.051 0.108
0.129 -0.144
-0.100 -0.174
0.004 0.154
-0.020 -0.021
0.054 -0.118
-0.146 0.129
0.077 0.185
-0.004 -0.144
0.023 0.007
-0.058 0.128
0.163 -0.107
-0.058 -0.191
0.004 0.134
-0.026 0.008
0.062 -0.136
-0.178 0.079
0.043 0.194
-0.005 -0.123
0.029 -0.022
-0.067 0.144
0.190 -0.045
-0.031 -0.193
0.006 0.112
-0.032 0.035
0.072 -0.150
-0.195 0.007
0.022 0.191
-0.008 -0.099
0.035 -0.049
-0.078 0.155
0.193 0.033
-0.016 -0.187
0.009 0.087
-0.038 0.062
0.085 -0.158
-0.184 -0.072
0.011 0.182
-0.011 -0.074
0.041 -0.075
-0.094 0.159
0.167 0.107
-0.008 -0.176
0.013 0.060
-0.044 0.087
0.104 -0.157
-0.145 -0.137
0.006 0.169
-0.016 -0.046
0.048 -0.099
-0.117 0.152
0.121 0.160
-0.004 -0.161
0.018 0.032
-0.051 0.110
0.132 -0.142
-0.096 -0.176
0.004 0.152
-0.021 -0.018
0.055 -0.120
-0.149 0.126
0.074 0.187
-0.004 -0.143
0.023 0.004
-0.059 0.129
0.166 -0.103
-0.055 -0.192
0.004 0.132
-0.026 0.010
0.063 -0.138
-0.181 0.074
0.040 0.194
-0.005 -0.121
0.029 -0.024
-0.068 0.145
0.191 -0.039
-0.029 -0.193
0.006 0.110
-0.032 0.038
0.073 -0.151
-0.196 0.000
0.021 0.191
-0.008 -0.097
0.035 -0.051
-0.079 0.156
0.192 0.040
-0.015 -0.187
0.010 0.085
-0.038 0.064
0.087 -0.158
-0.181 -0.078
0.010 0.181
-0.012 -0.071
0.041 -0.077
-0.095 0.159
0.164 0.113
-0.007 -0.175
0.014 0.058
-0.045 0.089
0.106 -0.156
-0.141 -0.141
0.005 0.168
-0.016 -0.044
0.048 -0.101
-0.119 0.150
0.116 0.163
-0.004 -0.160
0.019 0.030
-0.052 0.112
0.135 -0.139
-0.092 -0.179
0.004 0.151
-0.021 -0.016
0.056 -0.122
-0.152 0.122
0.070 0.188
-0.004 -0.141
0.024 0.002
-0.060 0.131
0.168 -0.098
-0.052 -0.193
0.004 0.130
-0.027 0.012
0.064 -0.139
-0.183 0.068
0.038 0.194
-0.005 -0.119
0.030 -0.026
-0.069 0.146
0.193 -0.033
-0.028 -0.193
0.007 0.107
-0.033 0.040
0.074 -0.152
-0.196 -0.006
0.020 0.190
-0.008 -0.095
0.036 -0.053
-0.081 0.156
0.191 0.046
-0.014 -0.186
0.010 0.082
-0.039 0.066
0.088 -0.159
-0.179 -0.084
0.010 0.180
-0.012 -0.069
0.042 -0.079
-0.097 0.159
0.160 0.118
-0.007 -0.174
0.014 0.056
-0.045 0.091
0.108 -0.156
-0.137 -0.145
0.005 0.167
-0.017 -0.042
0.049 -0.103
-0.122 0.149
0.112 0.166
-0.004 -0.158
0.019 0.028
-0.052 0.113
0.137 -0.137
-0.088 -0.180
0.004 0.149
-0.022 -0.014
0.056 -0.123
-0.154 0.119
0.067 0.189
-0.004 -0.139
0.024 -0.001
-0.060 0.132
0.171 -0.094
-0.050 -0.193
0.005 0.129
-0.027 0.015
0.065 -0.140
-0.185 0.063
0.036 0.194
-0.006 -0.117
0.030 -0.029
-0.070 0.147
0.194 -0.026
-0.026 -0.192
0.007 0.105
-0.033 0.042
0.075 -0.153
-0.195 -0.013
0.018 0.189
-0.008 -0.093
0.036 -0.056
-0.082 0.157
0.189 0.053
-0.013 -0.185
0.010 0.080
-0.039 0.069
0.090 -0.159
-0.176 -0.090
0.009 0.179
-0.012 -0.067
0.043 -0.081
-0.099 0.158
0.156 0.123
-0.007 -0.173
0.015 0.053
-0.046 0.093
0.110 -0.155
-0.133 -0.149
0.005 0.165
-0.017 -0.039
0.049 -0.105
-0.124 0.147
0.108 0.169
-0.004 -0.157
0.019 0.025
-0.053 0.115
0.140 -0.134
-0.084 -0.182
0.004 0.148
-0.022 -0.011
0.057 -0.125
-0.157 0.115
0.064 0.190
-0.004 -0.138
0.025 -0.003
-0.061 0.134
0.174 -0.089
-0.047 -0.193
0.005 0.127
-0.028 0.017
0.066 -0.142
-0.187 0.057
0.034 0.194
-0.006 -0.115
0.031 -0.031
-0.071 0.148
0.194 -0.020
-0.024 -0.192
0.007 0.103
-0.034 0.045
0.076 -0.154
-0.195 -0.020
0.017 0.189
-0.009 -0.091
0.037 -0.058
-0.083 0.157
0.188 0.059
-0.012 -0.184
0.011 0.078
-0.040 0.071
0.091 -0.159
-0.173 -0.096
0.009 0.178
-0.013 -0.065
0.043 -0.083
-0.101 0.158
0.153 0.128
-0.006 -0.172
0.015 0.051
-0.047 0.095
0.112 -0.154
-0.129 -0.153
0.005 0.164
-0.017 -0.037
0.050 -0.106
-0.127 0.146
0.104 0.172
-0.004 -0.155
0.020 0.023
-0.054 0.117
0.143 -0.132
-0.081 -0.184
0.004 0.146
-0.023 -0.009
0.058 -0.126
-0.160 0.111
0.061 0.191
-0.004 -0.136
0.025 -0.005
-0.062 0.135
0.176 -0.084
-0.045 -0.194
0.005 0.125
-0.028 0.019
0.066 -0.143
-0.189 0.051
0.032 0.194
-0.006 -0.113
0.031 -0.033
-0.071 0.149
0.195 -0.013
-0.023 -0.192
0.007 0.101
-0.034 0.047
0.077 -0.154
-0.194 -0.027
0.016 0.188
-0.009 -0.089
0.037 -0.060
-0.084 0.158
0.186 0.066
-0.012 -0.183
0.011 0.076
-0.040 0.073
0.092 -0.159
-0.170 -0.102
0.008 0.177
-0.013 -0.062
0.044 -0.085
-0.102 0.158
0.149 0.133
-0.006 -0.170
0.015 0.049
-0.047 0.097
0.115 -0.153
-0.125 -0.157
0.004 0.163
-0.018 -0.035
0.051 -0.108
-0.129 0.144
0.100 0.174
-0.004 -0.154
0.020 0.021
-0.054 0.119
0.146 -0.129
-0.077 -0.185
0.004 0.144
-0.023 -0.006
0.058 -0.128
-0.163 0.107
0.058 0.191
-0.004 -0.134
0.026 -0.008
-0.062 0.137
0.179 -0.079
-0.042 -0.194
0.005 0.123
-0.029 0.022
0.067 -0.144
-0.190 0.045
0.031 0.193
-0.006 -0.111
0.032 -0.036
-0.072 0.150
0.195 -0.007
-0.022 -0.191
0.008 0.099
-0.035 0.049
0.078 -0.155
-0.193 -0.033
0.015 0.187
-0.009 -0.087
0.038 -0.062
-0.085 0.158
0.184 0.072
-0.011 -0.182
0.011 0.073
-0.041 0.075
0.094 -0.159
-0.167 -0.107
0.008 0.176
-0.013 -0.060
0.044 -0.087
-0.104 0.157
0.145 0.137
-0.006 -0.169
0.016 0.046
-0.048 0.099
0.117 -0.152
-0.120 -0.160
0.004 0.161
-0.018 -0.032
0.051 -0.110
-0.132 0.141
0.096 0.177
-0.004 -0.152
0.021 0.018
-0.055 0.120
0.149 -0.125
-0.074 -0.187
0.004 0.143
-0.023 -0.004
0.059 -0.130
-0.166 0.103
0.055 0.192
-0.004 -0.132
0.026 -0.010
-0.063 0.138
0.181 -0.073
-0.040 -0.194
0.005 0.121
-0.029 0.024
0.068 -0.145
-0.192 0.038
0.029 0.193
-0.006 -0.109
0.032 -0.038
-0.073 0.151
0.196 0.000
-0.021 -0.191
0.008 0.097
-0.035 0.051
0.079 -0.156
-0.192 -0.040
0.015 0.187
-0.010 -0.084
0.038 -0.064
-0.087 0.158
0.181 0.078
-0.010 -0.181
0.012 0.071
-0.042 0.077
0.096 -0.159
-0.163 -0.113
0.007 0.175
-0.014 -0.058
0.045 -0.089
-0.106 0.156
0.141 0.142
-0.005 -0.168
0.016 0.044
-0.048 0.101
0.119 -0.150
-0.116 -0.164
0.004 0.160
-0.019 -0.030
0.052 -0.112
-0.135 0.139
0.092 0.179
-0.004 -0.151
0.021 0.016
-0.056 0.122
0.152 -0.122
-0.070 -0.188
0.004 0.141
-0.024 -0.002
0.060 -0.131
-0.169 0.098
0.052 0.193
-0.004 -0.130
0.027 -0.012
-0.064 0.139
0.183 -0.068
-0.038 -0.194
0.005 0.119
-0.030 0.026
0.069 -0.146
-0.193 0.032
0.027 0.193
-0.007 -0.107
0.033 -0.040
-0.074 0.152
0.196 0.007
-0.020 -0.190
0.008 0.095
-0.036 0.054
0.081 -0.156
-0.191 -0.047
0.014 0.186
-0.010 -0.082
0.039 -0.067
-0.088 0.159
0.179 0.085
-0.010 -0.180
0.012 0.069
-0.042 0.079
0.097 -0.159
-0.160 -0.118
0.007 0.174
-0.014 -0.055
0.045 -0.091
-0.108 0.156
0.137 0.146
-0.005 -0.167
0.017 0.042
-0.049 0.103
0.122 -0.149
-0.112 -0.166
0.004 0.158
-0.019 -0.028
0.052 -0.113
-0.137 0.137
0.088 0.181
-0.004 -0.149
0.022 0.013
-0.056 0.123
0.155 -0.119
-0.067 -0.189
0.004 0.139
-0.024 0.001
0.060 -0.132
-0.171 0.094
0.049 0.193
-0.004 -0.129
0.027 -0.015
-0.065 0.140
0.185 -0.062
-0.036 -0.194
0.005 0.117
-0.030 0.029
0.070 -0.147
-0.194 0.026
0.026 0.192
-0.007 -0.105
0.033 -0.042
-0.075 0.153
0.195 0.014
-0.018 -0.189
0.008 0.093
-0.036 0.056
0.082 -0.157
-0.189 -0.053
0.013 0.185
-0.010 -0.080
0.039 -0.069
-0.090 0.159
0.176 0.091
-0.009 -0.179
0.012 0.067
-0.043 0.081
0.099 -0.158
-0.156 -0.123
0.006 0.173
-0.015 -0.053
0.046 -0.093
-0.110 0.155
0.133 0.150
-0.005 -0.165
0.017 0.039
-0.049 0.105
0.124 -0.147
-0.108 -0.169
0.004 0.157
-0.019 -0.025
0.053 -0.115
-0.140 0.134
0.084 0.182
-0.004 -0.148
0.022 0.011
-0.057 0.125
0.157 -0.115
-0.064 -0.190
0.004 0.137
-0.025 0.003
0.061 -0.134
-0.174 0.089
0.047 0.193
-0.005 -0.127
0.028 -0.017
-0.066 0.142
0.187 -0.056
-0.034 -0.194
0.006 0.115
-0.031 0.031
0.071 -0.148
-0.195 0.019
0.024 0.192
-0.007 -0.103
0.034 -0.045
-0.076 0.154
0.195 0.020
-0.017 -0.189
0.009 0.091
-0.037 0.058
0.083 -0.157
-0.188 -0.060
0.012 0.184
-0.011 -0.078
0.040 -0.071
-0.091 0.159
0.173 0.096
-0.009 -0.178
0.013 0.064
-0.043 0.083
0.101 -0.158
-0.152 -0.128
0.006 0.172
-0.015 -0.051
0.047 -0.095
-0.113 0.154
0.128 0.154
-0.005 -0.164
0.017 0.037
-0.050 0.106
0.127 -0.145
-0.104 -0.172
0.004 0.155
-0.020 -0.023
0.054 -0.117
-0.143 0.131
0.081 0.184
-0.004 -0.146
0.023 0.009
-0.058 0.127
0.160 -0.111
-0.061 -0.191
0.004 0.136
-0.025 0.005
0.062 -0.135
-0.176 0.084
0.045 0.194
-0.005 -0.125
0.028 -0.019
-0.066 0.143
0.189 -0.050
-0.032 -0.194
0.006 0.113
-0.031 0.033
0.071 -0.149
-0.195 0.013
0.023 0.192
-0.007 -0.101
0.034 -0.047
-0.077 0.154
0.194 0.027
-0.016 -0.188
0.009 0.089
-0.037 0.060
0.084 -0.158
-0.186 -0.066
0.012 0.183
-0.011 -0.076
0.040 -0.073
-0.092 0.159
0.170 0.102
-0.008 -0.177
0.013 0.062
-0.044 0.085
0.103 -0.158
-0.149 -0.133
0.006 0.170
-0.015 -0.048
0.047 -0.097
-0.115 0.153
0.124 0.157
-0.004 -0.162
0.018 0.035
-0.051 0.108
0.129 -0.143
-0.100 -0.174
0.004 0.154
-0.020 -0.020
0.054 -0.119
-0.146 0.128
0.077 0.185
-0.004 -0.144
0.023 0.006
-0.058 0.128
0.163 -0.107
-0.058 -0.191
0.004 0.134
-0.026 0.008
0.063 -0.137
-0.179 0.079
0.042 0.194
-0.005 -0.123
0.029 -0.022
-0.067 0.144
0.190 -0.044
-0.031 -0.193
0.006 0.111
-0.032 0.036
0.072 -0.150
-0.196 0.006
0.022 0.191
-0.008 -0.099
0.035 -0.049
-0.078 0.155
0.193 0.034
-0.015 -0.187
0.009 0.086
-0.038 0.062
0.086 -0.158
-0.183 -0.073
0.011 0.182
-0.011 -0.073
0.041 -0.075
-0.094 0.159
0.167 0.108
-0.008 -0.176
0.013 0.060
-0.044 0.087
0.105 -0.157
-0.145 -0.137
0.006 0.169
-0.016 -0.046
0.048 -0.099
-0.117 0.152
0.120 0.160
-0.004 -0.161
0.018 0.032
-0.051 0.110
0.132 -0.141
-0.096 -0.177
0.004 0.152
-0.021 -0.018
0.055 -0.120
-0.149 0.125
0.073 0.187
-0.004 -0.143
0.023 0.004
-0.059 0.130
0.166 -0.103
-0.055 -0.192
0.004 0.132
-0.026 0.010
0.063 -0.138
-0.181 0.073
0.040 0.194
-0.005 -0.121
0.029 -0.024
-0.068 0.145
0.192 -0.038
-0.029 -0.193
0.006 0.109
-0.032 0.038
0.073 -0.151
-0.196 -0.001
0.021 0.191
-0.008 -0.097
0.035 -0.051
-0.080 0.156
0.192 0.040
-0.015 -0.187
0.010 0.084
-0.038 0.065
0.087 -0.158
-0.181 -0.079
0.010 0.181
-0.012 -0.071
0.042 -0.077
-0.096 0.159
0.163 0.113
-0.007 -0.175
0.014 0.058
-0.045 0.089
0.106 -0.156
-0.141 -0.142
0.005 0.168
-0.016 -0.044
0.048 -0.101
-0.120 0.150
0.116 0.164
-0.004 -0.160
0.019 0.030
-0.052 0.112
0.135 -0.139
-0.092 -0.179
0.004 0.151
-0.021 -0.016
0.056 -0.122
-0.152 0.122
0.070 0.188
-0.004 -0.141
0.024 0.002
-0.060 0.131
0.169 -0.098
-0.052 -0.193
0.004 0.130
-0.027 0.013
0.064 -0.139
-0.183 0.068
0.038 0.194
-0.005 -0.119
0.030 -0.026
-0.069 0.146
0.193 -0.032
-0.027 -0.193
0.007 0.107
-0.033 0.040
0.074 -0.152
-0.196 -0.007
0.019 0.190
-0.008 -0.095
0.036 -0.054
-0.081 0.156
0.191 0.047
-0.014 -0.186
0.010 0.082
-0.039 0.067
0.088 -0.159
-0.178 -0.085
0.010 0.180
-0.012 -0.069
0.042 -0.079
-0.097 0.159
0.160 0.118
-0.007 -0.174
0.014 0.055
-0.045 0.091
0.108 -0.156
-0.137 -0.146
0.005 0.166
-0.017 -0.041
0.049 -0.103
-0.122 0.149
0.112 0.167
-0.004 -0.158
0.019 0.027
-0.052 0.114
0.138 -0.137
-0.088 -0.181
0.004 0.149
-0.022 -0.013
0.056 -0.124
-0.155 0.118
0.067 0.189
-0.004 -0.139
0.024 -0.001
-0.060 0.133
0.171 -0.093
-0.049 -0.193
0.005 0.128
-0.027 0.015
0.065 -0.141
-0.185 0.062
0.036 0.194
-0.006 -0.117
0.030 -0.029
-0.070 0.147
0.194 -0.025
-0.026 -0.192
0.007 0.105
-0.033 0.042
0.075 -0.153
-0.195 -0.014
0.018 0.189
-0.008 -0.093
0.036 -0.056
-0.082 0.157
0.189 0.054
-0.013 -0.185
0.010 0.080
-0.039 0.069
0.090 -0.159
-0.176 -0.091
0.009 0.179
-0.012 -0.067
0.043 -0.081
-0.099 0.158
0.156 0.124
-0.007 -0.173
0.015 0.053
-0.046 0.093
0.111 -0.155
-0.132 -0.150
0.005 0.165
-0.017 -0.039
0.049 -0.105
-0.124 0.147
0.108 0.169
-0.004 -0.157
0.019 0.025
-0.053 0.115
0.140 -0.134
-0.084 -0.182
0.004 0.147
-0.022 -0.011
0.057 -0.125
-0.158 0.115
0.064 0.190
-0.004 -0.137
0.025 -0.003
-0.061 0.134
0.174 -0.088
-0.047 -0.193
0.005 0.127
-0.028 0.017
0.066 -0.142
-0.187 0.056
0.034 0.194
-0.006 -0.115
0.031 -0.031
-0.071 0.148
0.195 -0.019
-0.024 -0.192
0.007 0.103
-0.034 0.045
0.076 -0.154
-0.195 -0.021
0.017 0.189
-0.009 -0.091
0.037 -0.058
-0.083 0.157
0.187 0.060
-0.012 -0.184
0.011 0.078
-0.040 0.071
0.091 -0.159
-0.173 -0.097
0.009 0.178
-0.013 -0.064
0.043 -0.083
-0.101 0.158
0.152 0.128
-0.006 -0.171
0.015 0.051
-0.047 0.095
0.113 -0.154
-0.128 -0.154
0.005 0.164
-0.017 -0.037
0.050 -0.107
-0.127 0.145
0.103 0.172
-0.004 -0.155
0.020 0.023
-0.054 0.117
0.143 -0.131
-0.080 -0.184
0.004 0.146
-0.023 -0.009
0.058 -0.127
-0.161 0.111
0.060 0.191
-0.004 -0.136
0.025 -0.006
-0.062 0.135
0.177 -0.083
-0.044 -0.194
0.005 0.125
-0.028 0.020
0.066 -0.143
-0.189 0.050
0.032 0.194
-0.006 -0.113
0.031 -0.033
-0.072 0.149
0.195 -0.012
-0.023 -0.192
0.007 0.101
-0.034 0.047
0.077 -0.154
-0.194 -0.027
0.016 0.188
-0.009 -0.088
0.037 -0.060
-0.084 0.158
0.185 0.067
-0.012 -0.183
0.011 0.075
-0.040 0.073
0.093 -0.159
-0.170 -0.102
0.008 0.177
-0.013 -0.062
0.044 -0.085
-0.103 0.158
0.148 0.133
-0.006 -0.170
0.015 0.048
-0.047 0.097
0.115 -0.153
-0.124 -0.157
0.004 0.162
-0.018 -0.034
0.051 -0.108
-0.130 0.143
0.099 0.175
-0.004 -0.154
0.020 0.020
-0.054 0.119
0.146 -0.128
-0.077 -0.186
0.004 0.144
-0.023 -0.006
0.058 -0.128
-0.163 0.107
0.057 0.191
-0.004 -0.134
0.026 -0.008
-0.063 0.137
0.179 -0.078
-0.042 -0.194
0.005 0.123
-0.029 0.022
0.067 -0.144
-0.190 0.044
0.030 0.193
-0.006 -0.111
0.032 -0.036
-0.072 0.150
0.196 -0.006
-0.022 -0.191
0.008 0.099
-0.035 0.049
0.079 -0.155
-0.193 -0.034
0.015 0.187
-0.009 -0.086
0.038 -0.062
-0.086 0.158
0.183 0.073
-0.011 -0.182
0.011 0.073
-0.041 0.075
0.094 -0.159
-0.166 -0.108
0.008 0.176
-0.013 -0.060
0.044 -0.088
-0.105 0.157
0.144 0.138
-0.006 -0.169
0.016 0.046
-0.048 0.099
0.117 -0.151
-0.120 -0.161
0.004 0.161
-0.018 -0.032
0.051 -0.110
-0.132 0.141
0.095 0.177
-0.004 -0.152
0.021 0.018
-0.055 0.120
0.149 -0.125
-0.073 -0.187
0.004 0.142
-0.023 -0.004
0.059 -0.130
-0.166 0.102
0.055 0.192
-0.004 -0.132
0.026 -0.010
-0.063 0.138
0.181 -0.073
-0.040 -0.194
0.005 0.121
-0.029 0.024
0.068 -0.145
-0.192 0.038
0.029 0.193
-0.006 -0.109
0.032 -0.038
-0.073 0.151
0.196 0.001
-0.021 -0.191
0.008 0.097
-0.035 0.052
0.080 -0.156
-0.192 -0.041
0.015 0.186
-0.010 -0.084
0.038 -0.065
-0.087 0.158
0.181 0.079
-0.010 -0.181
0.012 0.071
-0.042 0.077
0.096 -0.159
-0.163 -0.113
0.007 0.175
-0.014 -0.057
0.045 -0.090
-0.107 0.156
0.140 0.142
-0.005 -0.168
0.016 0.044
-0.048 0.101
0.120 -0.150
-0.116 -0.164
0.004 0.160
-0.019 -0.030
0.052 -0.112
-0.135 0.139
0.091 0.179
-0.004 -0.151
0.021 0.016
-0.056 0.122
0.152 -0.122
-0.070 -0.188
0.004 0.141
-0.024 -0.001
0.060 -0.131
-0.169 0.098
0.052 0.193
-0.004 -0.130
0.027 -0.013
-0.064 0.139
0.183 -0.067
-0.038 -0.194
0.005 0.119
-0.030 0.027
0.069 -0.146
-0.193 0.032
0.027 0.193
-0.007 -0.107
0.033 -0.040
-0.074 0.152
0.196 0.008
-0.019 -0.190
0.008 0.095
-0.036 0.054
0.081 -0.156
-0.191 -0.047
0.014 0.186
-0.010 -0.082
0.039 -0.067
-0.088 0.159
0.178 0.085
-0.010 -0.180
0.012 0.069
-0.042 0.079
0.097 -0.159
-0.159 -0.119
0.007 0.174
-0.014 -0.055
0.045 -0.092
-0.109 0.156
0.136 0.146
-0.005 -0.166
0.017 0.041
-0.049 0.103
0.122 -0.149
-0.111 -0.167
0.004 0.158
-0.019 -0.027
0.053 -0.114
-0.138 0.136
0.088 0.181
-0.004 -0.149
0.022 0.013
-0.056 0.124
0.155 -0.118
-0.067 -0.189
0.004 0.139
-0.024 0.001
0.060 -0.133
-0.172 0.093
0.049 0.193
-0.005 -0.128
0.027 -0.015
-0.065 0.141
0.185 -0.062
-0.036 -0.194
0.006 0.117
-0.030 0.029
0.070 -0.147
-0.194 0.025
0.026 0.192
-0.007 -0.105
0.033 -0.043
-0.075 0.153
0.195 0.014
-0.018 -0.189
0.008 0.093
-0.036 0.056
0.082 -0.157
-0.189 -0.054
0.013 0.185
-0.010 -0.080
0.039 -0.069
-0.090 0.159
0.175 0.091
-0.009 -0.179
0.012 0.066
-0.043 0.082
0.099 -0.158
-0.156 -0.124
0.006 0.173
-0.015 -0.053
0.046 -0.093
-0.111 0.155
0.132 0.150
-0.005 -0.165
0.017 0.039
-0.050 0.105
0.125 -0.147
-0.107 -0.170
0.004 0.157
-0.019 -0.025
0.053 -0.115
-0.141 0.134
0.084 0.183
-0.004 -0.147
0.022 0.011
-0.057 0.125
0.158 -0.114
-0.063 -0.190
0.004 0.137
-0.025 0.003
0.061 -0.134
-0.174 0.088
0.047 0.193
-0.005 -0.126
0.028 -0.017
-0.066 0.142
0.187 -0.056
-0.034 -0.194
0.006 0.115
-0.031 0.031
0.071 -0.148
-0.195 0.019
0.024 0.192
-0.007 -0.103
0.034 -0.045
-0.076 0.154
0.195 0.021
-0.017 -0.189
0.009 0.090
-0.037 0.058
0.083 -0.157
-0.187 -0.060
0.012 0.184
-0.011 -0.078
0.040 -0.071
-0.091 0.159
0.173 0.097
-0.009 -0.178
0.013 0.064
-0.043 0.084
0.101 -0.158
-0.152 -0.129
0.006 0.171
-0.015 -0.050
0.047 -0.095
-0.113 0.154
0.128 0.154
-0.005 -0.164
0.017 0.037
-0.050 0.107
0.127 -0.145
-0.103 -0.172
0.004 0.155
-0.020 -0.023
0.054 -0.117
-0.144 0.131
0.080 0.184
-0.004 -0.146
0.023 0.008
-0.058 0.127
0.161 -0.111
-0.060 -0.191
0.004 0.136
-0.025 0.006
0.062 -0.135
-0.177 0.083
0.044 0.194
-0.005 -0.125
0.028 -0.020
-0.066 0.143
0.189 -0.050
-0.032 -0.194
0.006 0.113
-0.031 0.034
0.072 -0.149
-0.195 0.012
0.023 0.192
-0.007 -0.101
0.034 -0.047
-0.077 0.154
0.194 0.028
-0.016 -0.188
0.009 0.088
-0.037 0.060
0.084 -0.158
-0.185 -0.067
0.011 0.183
-0.011 -0.075
0.041 -0.073
-0.093 0.159
0.169 0.103
-0.008 -0.177
0.013 0.062
-0.044 0.086
0.103 -0.158
-0.148 -0.133
0.006 0.170
-0.015 -0.048
0.047 -0.097
-0.115 0.153
0.124 0.157
-0.004 -0.162
0.018 0.034
-0.051 0.108
0.130 -0.143
-0.099 -0.175
0.004 0.154
-0.020 -0.020
0.054 -0.119
-0.146 0.128
0.076 0.186
-0.004 -0.144
0.023 0.006
-0.058 0.128
0.163 -0.106
-0.057 -0.192
0.004 0.134
-0.026 0.008
0.063 -0.137
-0.179 0.078
0.042 0.194
-0.005 -0.123
0.029 -0.022
-0.067 0.144
0.190 -0.044
-0.030 -0.193
0.006 0.111
-0.032 0.036
0.073 -0.150
-0.196 0.005
0.022 0.191
-0.008 -0.099
0.035 -0.049
-0.079 0.155
0.193 0.034
-0.015 -0.187
0.009 0.086
-0.038 0.063
0.086 -0.158
-0.183 -0.073
0.011 0.182
-0.011 -0.073
0.041 -0.075
-0.094 0.159
0.166 0.108
-0.008 -0.176
0.013 0.060
-0.044 0.088
0.105 -0.157
-0.144 -0.138
0.006 0.169
-0.016 -0.046
0.048 -0.099
-0.117 0.151
0.120 0.161
-0.004 -0.161
0.018 0.032
-0.051 0.110
0.132 -0.141
-0.095 -0.177
0.004 0.152
-0.021 -0.018
0.055 -0.120
-0.149 0.125
0.073 0.187
-0.004 -0.142
0.024 0.004
-0.059 0.130
0.166 -0.102
-0.054 -0.192
0.004 0.132
-0.026 0.010
0.063 -0.138
-0.181 0.073
0.040 0.194
-0.005 -0.121
0.029 -0.024
-0.068 0.145
0.192 -0.037
-0.029 -0.193
0.006 0.109
-0.032 0.038
0.073 -0.151
-0.196 -0.001
0.020 0.190
-0.008 -0.097
0.035 -0.052
-0.080 0.156
0.192 0.041
-0.014 -0.186
0.010 0.084
-0.038 0.065
0.087 -0.158
-0.181 -0.079
0.010 0.181
-0.012 -0.071
0.042 -0.078
-0.096 0.159
0.163 0.114
-0.007 -0.175
0.014 0.057
-0.045 0.090
0.107 -0.156
-0.140 -0.142
0.005 0.168
-0.016 -0.044
0.048 -0.101
-0.120 0.150
0.115 0.164
-0.004 -0.159
0.019 0.029
-0.052 0.112
0.135 -0.139
-0.091 -0.179
0.004 0.150
-0.021 -0.015
0.056 -0.122
-0.152 0.122
0.070 0.188
-0.004 -0.141
0.024 0.001
-0.060 0.131
0.169 -0.098
-0.052 -0.193
0.004 0.130
-0.027 0.013
0.064 -0.139
-0.183 0.067
0.038 0.194
-0.005 -0.119
0.030 -0.027
-0.069 0.146
0.193 -0.031
-0.027 -0.193
0.007 0.107
-0.033 0.040
0.074 -0.152
-0.196 -0.008
0.019 0.190
-0.008 -0.095
0.036 -0.054
-0.081 0.156
0.191 0.048
-0.014 -0.186
0.010 0.082
-0.039 0.067
0.088 -0.159
-0.178 -0.086
0.010 0.180
-0.012 -0.069
0.042 -0.080
-0.098 0.159
0.159 0.119
-0.007 -0.174
0.014 0.055
-0.045 0.092
0.109 -0.156
-0.136 -0.146
0.005 0.166
-0.017 -0.041
0.049 -0.103
-0.122 0.149
0.111 0.167
-0.004 -0.158
0.019 0.027
-0.053 0.114
0.138 -0.136
-0.087 -0.181
0.004 0.149
-0.022 -0.013
0.056 -0.124
-0.155 0.118
0.066 0.189
-0.004 -0.139
0.024 -0.001
-0.060 0.133
0.172 -0.093
-0.049 -0.193
0.005 0.128
-0.027 0.015
0.065 -0.141
-0.185 0.061
0.036 0.194
-0.006 -0.117
0.030 -0.029
-0.070 0.147
0.194 -0.025
-0.026 -0.192
0.007 0.105
-0.033 0.043
0.075 -0.153
-0.195 -0.015
0.018 0.189
-0.008 -0.093
0.036 -0.056
-0.082 0.157
0.189 0.054
-0.013 -0.185
0.010 0.080
-0.039 0.069
0.090 -0.159
-0.175 -0.091
0.009 0.179
-0.012 -0.066
0.043 -0.082
-0.099 0.158
0.156 0.124
-0.006 -0.173
0.015 0.053
-0.046 0.094
0.111 -0.155
-0.132 -0.150
0.005 0.165
-0.017 -0.039
0.050 -0.105
-0.125 0.147
0.107 0.170
-0.004 -0.157
0.020 0.025
-0.053 0.116
0.141 -0.134
-0.084 -0.183
0.004 0.147
-0.022 -0.011
0.057 -0.125
-0.158 0.114
0.063 0.190
-0.004 -0.137
0.025 -0.003
-0.061 0.134
0.174 -0.088
-0.047 -0.193
0.005 0.126
-0.028 0.018
0.066 -0.142
-0.187 0.055
0.034 0.194
-0.006 -0.115
0.031 -0.031
-0.071 0.149
0.195 -0.018
-0.024 -0.192
0.007 0.103
-0.034 0.045
0.076 -0.154
-0.195 -0.021
0.017 0.189
-0.009 -0.090
0.037 -0.058
-0.083 0.157
0.187 0.061
-0.012 -0.184
0.011 0.077
-0.040 0.071
0.091 -0.159
-0.172 -0.097
0.009 0.178
-0.013 -0.064
0.043 -0.084
-0.101 0.158
0.152 0.129
-0.006 -0.171
0.015 0.050
-0.047 0.096
0.113 -0.154
-0.128 -0.154
0.005 0.164
-0.017 -0.036
0.050 -0.107
-0.127 0.145
0.103 0.172
-0.004 -0.155
0.020 0.022
-0.054 0.117
0.144 -0.131
-0.080 -0.184
0.004 0.146
-0.023 -0.008
0.058 -0.127
-0.161 0.110
0.060 0.191
-0.004 -0.135
0.025 -0.006
-0.062 0.136
0.177 -0.083
-0.044 -0.194
0.005 0.124
-0.028 0.020
0.067 -0.143
-0.189 0.049
0.032 0.194
-0.006 -0.113
0.031 -0.034
-0.072 0.150
0.195 -0.012
-0.023 -0.192
0.007 0.101
-0.034 0.047
0.078 -0.154
-0.194 -0.028
0.016 0.188
-0.009 -0.088
0.037 -0.061
-0.084 0.158
0.185 0.067
-0.011 -0.183
0.011 0.075
-0.041 0.073
0.093 -0.159
-0.169 -0.103
0.008 0.177
-0.013 -0.062
0.044 -0.086
-0.103 0.157
0.148 0.134
-0.006 -0.170
0.015 0.048
-0.047 0.097
0.115 -0.153
-0.124 -0.158
0.004 0.162
-0.018 -0.034
0.051 -0.109
-0.130 0.143
0.099 0.175
-0.004 -0.153
0.020 0.020
-0.054 0.119
0.147 -0.128
-0.076 -0.186
0.004 0.144
-0.023 -0.006
0.058 -0.128
-0.164 0.106
0.057 0.192
-0.004 -0.134
0.026 -0.008
-0.063 0.137
0.179 -0.078
-0.042 -0.194
0.005 0.123
-0.029 0.022
0.067 -0.144
-0.190 0.043
0.030 0.193
-0.006 -0.111
0.032 -0.036
-0.073 0.150
0.196 -0.005
-0.022 -0.191
0.008 0.099
-0.035 0.050
0.079 -0.155
-0.193 -0.035
0.015 0.187
-0.009 -0.086
0.038 -0.063
-0.086 0.158
0.183 0.074
-0.011 -0.182
0.011 0.073
-0.041 0.075
0.094 -0.159
-0.166 -0.109
0.008 0.176
-0.013 -0.060
0.044 -0.088
-0.105 0.157
0.144 0.138
-0.006 -0.169
0.016 0.046
-0.048 0.099
0.117 -0.151
-0.119 -0.161
0.004 0.161
-0.018 -0.032
0.051 -0.110
-0.133 0.141
0.095 0.177
-0.004 -0.152
0.021 0.018
-0.055 0.121
0.149 -0.125
-0.073 -0.187
0.004 0.142
-0.024 -0.004
0.059 -0.130
-0.166 0.102
0.054 0.192
-0.004 -0.132
0.026 -0.011
-0.063 0.138
0.181 -0.072
-0.040 -0.194
0.005 0.121
-0.029 0.025
0.068 -0.145
-0.192 0.037
0.029 0.193
-0.006 -0.109
0.032 -0.038
-0.074 0.151
0.196 0.002
-0.020 -0.190
0.008 0.097
-0.035 0.052
0.080 -0.156
-0.192 -0.041
0.014 0.186
-0.010 -0.084
0.038 -0.065
-0.087 0.158
0.181 0.080
-0.010 -0.181
0.012 0.071
-0.042 0.078
0.096 -0.159
-0.163 -0.114
0.007 0.175
-0.014 -0.057
0.045 -0.090
-0.107 0.156
0.140 0.142
-0.005 -0.168
0.016 0.043
-0.048 0.101
0.120 -0.150
-0.115 -0.164
0.004 0.159
-0.019 -0.029
0.052 -0.112
-0.135 0.139
0.091 0.179
-0.004 -0.150
0.021 0.015
-0.056 0.122
0.152 -0.121
-0.069 -0.188
0.004 0.141
-0.024 -0.001
0.060 -0.131
-0.169 0.097
0.052 0.193
-0.004 -0.130
0.027 -0.013
-0.064 0.139
0.184 -0.067
-0.038 -0.194
0.005 0.119
-0.030 0.027
0.069 -0.146
-0.193 0.031
0.027 0.193
-0.007 -0.107
0.033 -0.041
-0.075 0.152
0.196 0.008
-0.019 -0.190
0.008 0.095
-0.036 0.054
0.081 -0.156
-0.191 -0.048
0.014 0.186
-0.010 -0.082
0.039 -0.067
-0.088 0.159
0.178 0.086
-0.010 -0.180
0.012 0.068
-0.042 0.080
0.098 -0.159
-0.159 -0.119
0.007 0.174
-0.014 -0.055
0.046 -0.092
-0.109 0.156
0.136 0.147
-0.005 -0.166
0.017 0.041
-0.049 0.103
0.122 -0.148
-0.111 -0.167
0.004 0.158
-0.019 -0.027
0.053 -0.114
-0.138 0.136
0.087 0.181
-0.004 -0.149
0.022 0.013
-0.056 0.124
0.155 -0.118
-0.066 -0.189
0.004 0.139
-0.024 0.001
0.060 -0.133
-0.172 0.093
0.049 0.193
-0.005 -0.128
0.027 -0.015
-0.065 0.141
0.186 -0.061
-0.036 -0.194
0.006 0.117
-0.030 0.029
0.070 -0.147
-0.194 0.024
0.026 0.192
-0.007 -0.105
0.033 -0.043
-0.076 0.153
0.195 0.015
-0.018 -0.189
0.009 0.092
-0.036 0.056
0.082 -0.157
-0.189 -0.055
0.013 0.185
-0.010 -0.080
0.039 -0.069
-0.090 0.159
0.175 0.092
-0.009 -0.179
0.012 0.066
-0.043 0.082
0.099 -0.158
-0.155 -0.124
0.006 0.173
-0.015 -0.053
0.046 -0.094
-0.111 0.155
0.132 0.151
-0.005 -0.165
0.017 0.039
-0.050 0.105
0.125 -0.147
-0.107 -0.170
0.004 0.156
-0.020 -0.025
0.053 -0.116
-0.141 0.134
0.083 0.183
-0.004 -0.147
0.022 0.011
-0.057 0.125
0.158 -0.114
-0.063 -0.190
0.004 0.137
-0.025 0.004
0.061 -0.134
-0.174 0.088
0.046 0.193
-0.005 -0.126
0.028 -0.018
-0.066 0.142
0.187 -0.055
-0.034 -0.194
0.006 0.115
-0.031 0.031
0.071 -0.149
-0.195 0.018
0.024 0.192
-0.007 -0.103
0.034 -0.045
-0.077 0.154
0.195 0.022
-0.017 -0.189
0.009 0.090
-0.037 0.058
0.083 -0.157
-0.187 -0.061
0.012 0.184
-0.011 -0.077
0.040 -0.071
-0.091 0.159
0.172 0.098
-0.009 -0.178
0.013 0.064
-0.043 0.084
0.101 -0.158
-0.152 -0.129
0.006 0.171
-0.015 -0.050
0.047 -0.096
-0.113 0.154
0.128 0.154
-0.005 -0.164
0.017 0.036
-0.050 0.107
0.127 -0.145
-0.103 -0.173
0.004 0.155
-0.020 -0.022
0.054 -0.117
-0.144 0.131
0.080 0.184
-0.004 -0.145
0.023 0.008
-0.058 0.127
0.161 -0.110
-0.060 -0.191
0.004 0.135
-0.025 0.006
0.062 -0.136
-0.177 0.083
0.044 0.194
-0.005 -0.124
0.028 -0.020
-0.067 0.143
0.189 -0.049
-0.032 -0.194
0.006 0.113
-0.031 0.034
0.072 -0.150
-0.195 0.011
0.023 0.191
-0.007 -0.101
0.034 -0.047
-0.078 0.154
0.194 0.028
-0.016 -0.188
0.009 0.088
-0.037 0.061
0.085 -0.158
-0.185 -0.068
0.011 0.183
-0.011 -0.075
0.041 -0.073
-0.093 0.159
0.169 0.103
-0.008 -0.177
0.013 0.062
-0.044 0.086
0.103 -0.157
-0.148 -0.134
0.006 0.170
-0.015 -0.048
0.047 -0.098
-0.115 0.153
0.123 0.158
-0.004 -0.162
0.018 0.034
-0.051 0.109
0.130 -0.143
-0.099 -0.175
0.004 0.153
-0.020 -0.020
0.054 -0.119
-0.147 0.128
0.076 0.186
-0.004 -0.144
0.023 0.006
-0.058 0.128
0.164 -0.106
-0.057 -0.192
0.004 0.134
-0.026 0.008
0.063 -0.137
-0.179 0.077
0.042 0.194
-0.005 -0.123
0.029 -0.022
-0.067 0.144
0.191 -0.043
-0.030 -0.193
0.006 0.111
-0.032 0.036
0.073 -0.150
-0.196 0.005
0.022 0.191
-0.008 -0.099
0.035 -0.050
-0.079 0.155
0.193 0.035
-0.015 -0.187
0.009 0.086
-0.038 0.063
0.086 -0.158
-0.183 -0.074
0.011 0.182
-0.011 -0.073
0.041 -0.076
-0.094 0.159
0.166 0.109
-0.008 -0.176
0.014 0.059
-0.044 0.088
0.105 -0.157
-0.144 -0.138
0.006 0.169
-0.016 -0.046
0.048 -0.099
-0.118 0.151
0.119 0.161
-0.004 -0.161
0.018 0.032
-0.051 0.110
0.133 -0.141
-0.095 -0.177
0.004 0.152
-0.021 -0.018
0.055 -0.121
-0.150 0.125
0.073 0.187
-0.004 -0.142
0.024 0.003
-0.059 0.130
0.167 -0.102
-0.054 -0.192
0.004 0.132
-0.026 0.011
0.063 -0.138
-0.182 0.072
0.040 0.194
-0.005 -0.121
0.029 -0.025
-0.068 0.145
0.192 -0.037
-0.029 -0.193
0.006 0.109
-0.032 0.038
0.074 -0.151
-0.196 -0.002
0.020 0.190
-0.008 -0.097
0.035 -0.052
-0.080 0.156
0.192 0.042
-0.014 -0.186
0.010 0.084
-0.038 0.065
0.087 -0.158
-0.180 -0.080
0.010 0.181
-0.012 -0.071
0.042 -0.078
-0.096 0.159
0.162 0.114
-0.007 -0.175
0.014 0.057
-0.045 0.090
0.107 -0.156
-0.140 -0.143
0.005 0.167
-0.016 -0.043
0.048 -0.101
-0.120 0.150
0.115 0.164
-0.004 -0.159
0.019 0.029
-0.052 0.112
0.136 -0.139
-0.091 -0.179
0.004 0.150
-0.021 -0.015
0.056 -0.122
-0.153 0.121
0.069 0.188
-0.004 -0.140
0.024 0.001
-0.060 0.131
0.169 -0.097
-0.051 -0.193
0.004 0.130
-0.027 0.013
0.064 -0.140
-0.184 0.066
0.037 0.194
-0.005 -0.119
0.030 -0.027
-0.069 0.147
0.193 -0.030
-0.027 -0.193
0.007 0.107
-0.033 0.041
0.075 -0.152
-0.196 -0.009
0.019 0.190
-0.008 -0.094
0.036 -0.054
-0.081 0.156
0.190 0.048
-0.014 -0.186
0.010 0.082
-0.039 0.067
0.089 -0.159
-0.178 -0.086
0.010 0.180
-0.012 -0.068
0.042 -0.080
-0.098 0.159
0.159 0.120
-0.007 -0.174
0.014 0.055
-0.046 0.092
0.109 -0.155
-0.136 -0.147
0.005 0.166
-0.017 -0.041
0.049 -0.103
-0.122 0.148
0.111 0.167
-0.004 -0.158
0.019 0.027
-0.053 0.114
0.138 -0.136
-0.087 -0.181
0.004 0.149
-0.022 -0.013
0.056 -0.124
-0.155 0.118
0.066 0.189
-0.004 -0.139
0.024 -0.001
-0.061 0.133
0.172 -0.092
-0.049 -0.193
0.005 0.128
-0.027 0.015
0.065 -0.141
-0.186 0.061
0.036 0.194
-0.006 -0.117
0.030 -0.029
-0.070 0.148
0.194 -0.024
-0.025 -0.192
0.007 0.105
-0.033 0.043
0.076 -0.153
-0.195 -0.015
0.018 0.189
-0.009 -0.092
0.036 -0.056
-0.082 0.157
0.189 0.055
-0.013 -0.185
0.010 0.079
-0.039 0.069
0.090 -0.159
-0.175 -0.092
0.009 0.179
-0.012 -0.066
0.043 -0.082
-0.099 0.158
0.155 0.125
-0.006 -0.172
0.015 0.052
-0.046 0.094
0.111 -0.155
-0.132 -0.151
0.005 0.165
-0.017 -0.039
0.050 -0.105
-0.125 0.147
0.107 0.170
-0.004 -0.156
0.020 0.025
-0.053 0.116
0.141 -0.133
-0.083 -0.183
0.004 0.147
-0.022 -0.010
0.057 -0.125
-0.158 0.114
0.063 0.190
-0.004 -0.137
0.025 -0.004
-0.061 0.134
0.175 -0.087
-0.046 -0.193
0.005 0.126
-0.028 0.018
0.066 -0.142
-0.187 0.055
0.034 0.194
-0.006 -0.115
0.031 -0.032
-0.071 0.149
0.195 -0.018
-0.024 -0.192
0.007 0.103
-0.034 0.045
0.077 -0.154
-0.195 -0.022
0.017 0.189
-0.009 -0.090
0.037 -0.059
-0.083 0.157
0.187 0.062
-0.012 -0.184
0.011 0.077
-0.040 0.071
0.091 -0.159
-0.172 -0.098
0.008 0.178
-0.013 -0.064
0.043 -0.084
-0.101 0.158
0.151 0.129
-0.006 -0.171
0.015 0.050
-0.047 0.096
0.113 -0.154
-0.127 -0.155
0.005 0.163
-0.017 -0.036
0.050 -0.107
-0.128 0.145
0.103 0.173
-0.004 -0.155
0.020 0.022
-0.054 0.117
0.144 -0.131
-0.079 -0.184
0.004 0.145
-0.023 -0.008
0.058 -0.127
-0.161 0.110
0.060 0.191
-0.004 -0.135
0.025 -0.006
-0.062 0.136
0.177 -0.082
-0.044 -0.194
0.005 0.124
-0.028 0.020
0.067 -0.143
-0.189 0.049
0.032 0.194
-0.006 -0.113
0.031 -0.034
-0.072 0.150
0.195 -0.011
-0.023 -0.191
0.007 0.101
-0.034 0.048
0.078 -0.155
-0.194 -0.029
0.016 0.188
-0.009 -0.088
0.037 -0.061
-0.085 0.158
0.185 0.068
-0.011 -0.183
0.011 0.075
-0.041 0.074
0.093 -0.159
-0.169 -0.104
0.008 0.177
-0.013 -0.062
0.044 -0.086
-0.103 0.157
0.148 0.134
-0.006 -0.170
0.015 0.048
-0.047 0.098
0.115 -0.152
-0.123 -0.158
0.004 0.162
-0.018 -0.034
0.051 -0.109
-0.130 0.143
0.098 0.175
-0.004 -0.153
0.020 0.020
-0.055 0.119
0.147 -0.128
-0.076 -0.186
0.004 0.144
-0.023 -0.006
0.058 -0.129
-0.164 0.106
0.057 0.192
-0.004 -0.133
0.026 -0.008
-0.063 0.137
0.179 -0.077
-0.042 -0.194
0.005 0.122
-0.029 0.022
0.067 -0.144
-0.191 0.043
0.030 0.193
-0.006 -0.111
0.032 -0.036
-0.073 0.151
0.196 -0.004
-0.022 -0.191
0.008 0.099
-0.035 0.050
0.079 -0.155
-0.193 -0.036
0.015 0.187
-0.009 -0.086
0.038 -0.063
-0.086 0.158
0.183 0.074
-0.011 -0.182
0.011 0.073
-0.041 0.076
0.095 -0.159
-0.166 -0.109
0.008 0.176
-0.014 -0.059
0.044 -0.088
-0.105 0.157
0.144 0.139
-0.005 -0.169
0.016 0.045
-0.048 0.100
0.118 -0.151
-0.119 -0.161
0.004 0.161
-0.018 -0.031
0.051 -0.111
-0.133 0.141
0.094 0.177
-0.004 -0.152
0.021 0.017
-0.055 0.121
0.150 -0.124
-0.072 -0.187
0.004 0.142
-0.024 -0.003
0.059 -0.130
-0.167 0.101
0.054 0.192
-0.004 -0.132
0.026 -0.011
-0.064 0.138
0.182 -0.072
-0.040 -0.194
0.005 0.120
-0.029 0.025
0.068 -0.146
-0.192 0.036
0.028 0.193
-0.006 -0.109
0.032 -0.039
-0.074 0.151
0.196 0.002
-0.020 -0.190
0.008 0.096
-0.035 0.052
0.080 -0.156
-0.192 -0.042
0.014 0.186
-0.010 -0.084
0.038 -0.065
-0.087 0.158
0.180 0.080
-0.010 -0.181
0.012 0.070
-0.042 0.078
0.096 -0.159
-0.162 -0.115
0.007 0.175
-0.014 -0.057
0.045 -0.090
-0.107 0.156
0.140 0.143
-0.005 -0.167
0.016 0.043
-0.048 0.102
0.120 -0.150
-0.115 -0.165
0.004 0.159
-0.019 -0.029
0.052 -0.112
-0.136 0.138
0.091 0.179
-0.004 -0.150
0.021 0.015
-0.056 0.122
0.153 -0.121
-0.069 -0.188
0.004 0.140
-0.024 -0.001
0.060 -0.131
-0.169 0.097
0.051 0.193
-0.004 -0.130
0.027 -0.013
-0.064 0.140
0.184 -0.066
-0.037 -0.194
0.005 0.119
-0.030 0.027
0.069 -0.147
-0.193 0.030
0.027 0.193
-0.007 -0.107
0.033 -0.041
-0.075 0.152
0.196 0.009
-0.019 -0.190
0.008 0.094
-0.036 0.054
0.081 -0.156
-0.190 -0.049
0.014 0.186
-0.010 -0.081
0.039 -0.067
-0.089 0.159
0.178 0.087
-0.009 -0.180
0.012 0.068
-0.042 0.080
0.098 -0.159
-0.159 -0.120
0.007 0.174
-0.014 -0.055
0.046 -0.092
-0.109 0.155
0.135 0.147
-0.005 -0.166
0.017 0.041
-0.049 0.103
0.123 -0.148
-0.111 -0.167
0.004 0.158
-0.019 -0.027
0.053 -0.114
-0.138 0.136
0.087 0.181
-0.004 -0.149
0.022 0.013
-0.056 0.124
0.156 -0.117
-0.066 -0.189
0.004 0.139
-0.025 0.001
0.061 -0.133
-0.172 0.092
0.049 0.193
-0.005 -0.128
0.027 -0.016
-0.065 0.141
0.186 -0.060
-0.035 -0.194
0.006 0.117
-0.030 0.029
0.070 -0.148
-0.194 0.024
0.025 0.192
-0.007 -0.105
0.033 -0.043
-0.076 0.153
0.195 0.016
-0.018 -0.189
0.009 0.092
-0.036 0.056
0.082 -0.157
-0.189 -0.055
0.013 0.185
-0.010 -0.079
0.040 -0.069
-0.090 0.159
0.175 0.092
-0.009 -0.179
0.012 0.066
-0.043 0.082
0.100 -0.158
-0.155 -0.125
0.006 0.172
-0.015 -0.052
0.046 -0.094
-0.111 0.155
0.131 0.151
-0.005 -0.165
0.017 0.038
-0.050 0.105
0.125 -0.147
-0.106 -0.170
0.004 0.156
-0.020 -0.024
0.053 -0.116
-0.141 0.133
0.083 0.183
-0.004 -0.147
0.022 0.010
-0.057 0.126
0.158 -0.114
-0.063 -0.190
0.004 0.137
-0.025 0.004
0.061 -0.134
-0.175 0.087
0.046 0.193
-0.005 -0.126
0.028 -0.018
-0.066 0.142
0.188 -0.054
-0.034 -0.194
0.006 0.115
-0.031 0.032
0.071 -0.149
-0.195 0.017
0.024 0.192
-0.007 -0.103
0.034 -0.045
-0.077 0.154
0.195 0.023
-0.017 -0.189
0.009 0.090
-0.037 0.059
0.083 -0.157
-0.187 -0.062
0.012 0.184
-0.011 -0.077
0.040 -0.072
-0.092 0.159
0.172 0.098
-0.008 -0.178
0.013 0.064
-0.043 0.084
0.101 -0.158
-0.151 -0.130
0.006 0.171
-0.015 -0.050
0.047 -0.096
-0.113 0.154
0.127 0.155
-0.005 -0.163
0.017 0.036
-0.050 0.107
0.128 -0.145
-0.102 -0.173
0.004 0.155
-0.020 -0.022
0.054 -0.117
-0.144 0.130
0.079 0.184
-0.004 -0.145
0.023 0.008
-0.058 0.127
0.161 -0.110
-0.060 -0.191
0.004 0.135
-0.025 0.006
0.062 -0.136
-0.177 0.082
0.044 0.194
-0.005 -0.124
0.028 -0.020
-0.067 0.143
0.189 -0.048
-0.032 -0.194
0.006 0.113
-0.031 0.034
0.072 -0.150
-0.195 0.011
0.023 0.191
-0.007 -0.101
0.034 -0.048
-0.078 0.155
0.194 0.029
-0.016 -0.188
0.009 0.088
-0.037 0.061
0.085 -0.158
-0.185 -0.068
0.011 0.183
-0.011 -0.075
0.041 -0.074
-0.093 0.159
0.169 0.104
-0.008 -0.177
0.013 0.061
-0.044 0.086
0.103 -0.157
-0.147 -0.134
0.006 0.170
-0.015 -0.048
0.047 -0.098
-0.116 0.152
0.123 0.158
-0.004 -0.162
0.018 0.034
-0.051 0.109
0.130 -0.143
-0.098 -0.175
0.004 0.153
-0.020 -0.020
0.055 -0.119
-0.147 0.127
0.076 0.186
-0.004 -0.144
0.023 0.006
-0.059 0.129
0.164 -0.105
-0.057 -0.192
0.004 0.133
-0.026 0.009
0.063 -0.137
-0.180 0.077
0.042 0.194
-0.005 -0.122
0.029 -0.023
-0.067 0.144
0.191 -0.042
-0.030 -0.193
0.006 0.111
-0.032 0.036
0.073 -0.151
-0.196 0.004
0.021 0.191
-0.008 -0.098
0.035 -0.050
-0.079 0.155
0.193 0.036
-0.015 -0.187
0.009 0.086
-0.038 0.063
0.086 -0.158
-0.183 -0.075
0.011 0.182
-0.011 -0.073
0.041 -0.076
-0.095 0.159
0.165 0.110
-0.007 -0.176
0.014 0.059
-0.044 0.088
0.105 -0.157
-0.143 -0.139
0.005 0.169
-0.016 -0.045
0.048 -0.100
-0.118 0.151
0.119 0.162
-0.004 -0.161
0.018 0.031
-0.051 0.111
0.133 -0.141
-0.094 -0.177
0.004 0.152
-0.021 -0.017
0.055 -0.121
-0.150 0.124
0.072 0.187
-0.004 -0.142
0.024 0.003
-0.059 0.130
0.167 -0.101
-0.054 -0.192
0.004 0.131
-0.026 0.011
0.063 -0.138
-0.182 0.071
0.039 0.194
-0.005 -0.120
0.029 -0.025
-0.068 0.146
0.192 -0.036
-0.028 -0.193
0.006 0.109
-0.032 0.039
0.074 -0.151
-0.196 -0.003
0.020 0.190
-0.008 -0.096
0.035 -0.052
-0.080 0.156
0.192 0.043
-0.014 -0.186
0.010 0.084
-0.038 0.065
0.087 -0.158
-0.180 -0.081
0.010 0.181
-0.012 -0.070
0.042 -0.078
-0.096 0.159
0.162 0.115
-0.007 -0.175
0.014 0.057
-0.045 0.090
0.107 -0.156
-0.139 -0.143
0.005 0.167
-0.016 -0.043
0.048 -0.102
-0.120 0.150
0.115 0.165
-0.004 -0.159
0.019 0.029
-0.052 0.112
0.136 -0.138
-0.090 -0.179
0.004 0.150
-0.021 -0.015
0.056 -0.122
-0.153 0.121
0.069 0.188
-0.004 -0.140
0.024 0.001
-0.060 0.132
0.170 -0.096
-0.051 -0.193
0.004 0.130
-0.027 0.013
0.064 -0.140
-0.184 0.066
0.037 0.194
-0.005 -0.118
0.030 -0.027
-0.069 0.147
0.193 -0.030
-0.027 -0.193
0.007 0.107
-0.033 0.041
0.075 -0.152
-0.196 -0.009
0.019 0.190
-0.008 -0.094
0.036 -0.054
-0.081 0.156
0.190 0.049
-0.013 -0.185
0.010 0.081
-0.039 0.067
0.089 -0.159
-0.178 -0.087
0.009 0.180
-0.012 -0.068
0.042 -0.080
-0.098 0.159
0.158 0.120
-0.007 -0.173
0.014 0.054
-0.046 0.092
0.109 -0.155
-0.135 -0.147
0.005 0.166
-0.017 -0.041
0.049 -0.103
-0.123 0.148
0.110 0.168
-0.004 -0.158
0.019 0.027
-0.053 0.114
0.139 -0.136
-0.086 -0.181
0.004 0.148
-0.022 -0.013
0.057 -0.124
-0.156 0.117
0.066 0.189
-0.004 -0.138
0.025 -0.002
-0.061 0.133
0.172 -0.092
-0.048 -0.193
0.005 0.128
-0.027 0.016
0.065 -0.141
-0.186 0.060
0.035 0.194
-0.006 -0.117
0.030 -0.030
-0.070 0.148
0.194 -0.023
-0.025 -0.192
0.007 0.105
-0.033 0.043
0.076 -0.153
-0.195 -0.016
0.018 0.189
-0.009 -0.092
0.036 -0.057
-0.082 0.157
0.189 0.056
-0.013 -0.185
0.010 0.079
-0.040 0.070
0.090 -0.159
-0.175 -0.093
0.009 0.179
-0.012 -0.066
0.043 -0.082
-0.100 0.158
0.155 0.125
-0.006 -0.172
0.015 0.052
-0.046 0.094
0.111 -0.155
-0.131 -0.151
0.005 0.165
-0.017 -0.038
0.050 -0.105
-0.125 0.146
0.106 0.170
-0.004 -0.156
0.020 0.024
-0.053 0.116
0.141 -0.133
-0.083 -0.183
0.004 0.147
-0.022 -0.010
0.057 -0.126
-0.159 0.113
0.063 0.190
-0.004 -0.137
0.025 -0.004
-0.061 0.134
0.175 -0.087
-0.046 -0.193
0.005 0.126
-0.028 0.018
0.066 -0.142
-0.188 0.054
0.033 0.194
-0.006 -0.114
0.031 -0.032
-0.071 0.149
0.195 -0.017
-0.024 -0.192
0.007 0.102
-0.034 0.046
0.077 -0.154
-0.195 -0.023
0.017 0.188
-0.009 -0.090
0.037 -0.059
-0.083 0.157
0.187 0.062
-0.012 -0.184
0.011 0.077
-0.040 0.072
0.092 -0.159
-0.172 -0.099
0.008 0.178
-0.013 -0.064
0.043 -0.084
-0.101 0.158
0.151 0.130
-0.006 -0.171
0.015 0.050
-0.047 0.096
0.114 -0.153
-0.127 -0.155
0.005 0.163
-0.017 -0.036
0.050 -0.107
-0.128 0.145
0.102 0.173
-0.004 -0.155
0.020 0.022
-0.054 0.118
0.144 -0.130
-0.079 -0.185
0.004 0.145
-0.023 -0.008
0.058 -0.127
-0.161 0.109
0.059 0.191
-0.004 -0.135
0.025 -0.006
-0.062 0.136
0.177 -0.082
-0.044 -0.194
0.005 0.124
-0.028 0.020
0.067 -0.143
-0.189 0.048
0.032 0.193
-0.006 -0.113
0.031 -0.034
-0.072 0.150
0.195 -0.010
-0.023 -0.191
0.007 0.100
-0.034 0.048
0.078 -0.155
-0.194 -0.030
0.016 0.188
-0.009 -0.088
0.037 -0.061
-0.085 0.158
0.185 0.069
-0.011 -0.183
0.011 0.075
-0.041 0.074
0.093 -0.159
-0.169 -0.104
0.008 0.177
-0.013 -0.061
0.044 -0.086
-0.103 0.157
0.147 0.135
-0.006 -0.170
0.015 0.048
-0.047 0.098
0.116 -0.152
-0.123 -0.158
0.004 0.162
-0.018 -0.034
0.051 -0.109
-0.131 0.143
0.098 0.175
-0.004 -0.153
0.020 0.020
-0.055 0.119
0.147 -0.127
-0.076 -0.186
0.004 0.144
-0.023 -0.005
0.059 -0.129
-0.164 0.105
0.056 0.192
-0.004 -0.133
0.026 -0.009
-0.063 0.137
0.180 -0.076
-0.041 -0.194
0.005 0.122
-0.029 0.023
0.068 -0.144
-0.191 0.042
0.030 0.193
-0.006 -0.111
0.032 -0.037
-0.073 0.151
0.196 -0.004
-0.021 -0.191
0.008 0.098
-0.035 0.050
0.079 -0.155
-0.193 -0.036
0.015 0.187
-0.009 -0.086
0.038 -0.063
-0.086 0.158
0.182 0.075
-0.011 -0.182
0.011 0.072
-0.041 0.076
0.095 -0.159
-0.165 -0.110
0.007 0.176
-0.014 -0.059
0.045 -0.088
-0.105 0.157
0.143 0.139
-0.005 -0.169
0.016 0.045
-0.048 0.100
0.118 -0.151
-0.119 -0.162
0.004 0.161
-0.018 -0.031
0.052 -0.111
-0.133 0.141
0.094 0.178
-0.004 -0.152
0.021 0.017
-0.055 0.121
0.150 -0.124
-0.072 -0.187
0.004 0.142
-0.024 -0.003
0.059 -0.130
-0.167 0.101
0.054 0.192
-0.004 -0.131
0.026 -0.011
-0.064 0.138
0.182 -0.071
-0.039 -0.194
0.005 0.120
-0.029 0.025
0.068 -0.146
-0.192 0.036
0.028 0.193
-0.006 -0.109
0.032 -0.039
-0.074 0.151
0.196 0.003
-0.020 -0.190
0.008 0.096
-0.035 0.052
0.080 -0.156
-0.192 -0.043
0.014 0.186
-0.010 -0.083
0.038 -0.065
-0.087 0.158
0.180 0.081
-0.010 -0.181
0.012 0.070
-0.042 0.078
0.096 -0.159
-0.162 -0.115
0.007 0.175
-0.014 -0.057
0.045 -0.090
-0.107 0.156
0.139 0.143
-0.005 -0.167
0.016 0.043
-0.048 0.102
0.120 -0.150
-0.114 -0.165
0.004 0.159
-0.019 -0.029
0.052 -0.113
-0.136 0.138
0.090 0.180
-0.004 -0.150
0.021 0.015
-0.056 0.122
0.153 -0.121
-0.069 -0.188
0.004 0.140
-0.024 -0.001
0.060 -0.132
-0.170 0.096
0.051 0.193
-0.004 -0.130
0.027 -0.013
-0.064 0.140
0.184 -0.065
-0.037 -0.194
0.005 0.118
-0.030 0.027
0.069 -0.147
-0.193 0.029
0.027 0.193
-0.007 -0.106
0.033 -0.041
-0.075 0.152
0.196 0.010
-0.019 -0.190
0.008 0.094
-0.036 0.055
0.081 -0.157
-0.190 -0.050
0.013 0.185
-0.010 -0.081
0.039 -0.068
-0.089 0.159
0.177 0.087
-0.009 -0.180
0.012 0.068
-0.042 0.080
0.098 -0.159
-0.158 -0.120
0.007 0.173
-0.014 -0.054
0.046 -0.092
-0.109 0.155
0.135 0.147
-0.005 -0.166
0.017 0.040
-0.049 0.104
0.123 -0.148
-0.110 -0.168
0.004 0.158
-0.019 -0.027
0.053 -0.114
-0.139 0.136
0.086 0.181
-0.004 -0.148
0.022 0.012
-0.057 0.124
0.156 -0.117
-0.065 -0.189
0.004 0.138
-0.025 0.002
0.061 -0.133
-0.172 0.092
0.048 0.193
-0.005 -0.128
0.027 -0.016
-0.065 0.141
0.186 -0.060
-0.035 -0.194
0.006 0.116
-0.030 0.030
0.070 -0.148
-0.194 0.023
0.025 0.192
-0.007 -0.104
0.033 -0.043
-0.076 0.153
0.195 0.016
-0.018 -0.189
0.009 0.092
-0.036 0.057
0.082 -0.157
-0.189 -0.056
0.013 0.185
-0.010 -0.079
0.040 -0.070
-0.090 0.159
0.175 0.093
-0.009 -0.179
0.012 0.066
-0.043 0.082
0.100 -0.158
-0.155 -0.125
0.006 0.172
-0.015 -0.052
0.046 -0.094
-0.111 0.154
0.131 0.151
-0.005 -0.165
0.017 0.038
-0.050 0.105
0.125 -0.146
-0.106 -0.171
0.004 0.156
-0.020 -0.024
0.053 -0.116
-0.142 0.133
0.083 0.183
-0.004 -0.147
0.022 0.010
-0.057 0.126
0.159 -0.113
-0.062 -0.190
0.004 0.137
-0.025 0.004
0.061 -0.134
-0.175 0.087
0.046 0.193
-0.005 -0.126
0.028 -0.018
-0.066 0.142
0.188 -0.054
-0.033 -0.194
0.006 0.114
-0.031 0.032
0.071 -0.149
-0.195 0.016
0.024 0.192
-0.007 -0.102
0.034 -0.046
-0.077 0.154
0.195 0.023
-0.017 -0.188
0.009 0.090
-0.037 0.059
0.084 -0.157
-0.187 -0.063
0.012 0.184
-0.011 -0.077
0.040 -0.072
-0.092 0.159
0.172 0.099
-0.008 -0.178
0.013 0.063
-0.043 0.084
0.102 -0.158
-0.151 -0.130
0.006 0.171
-0.015 -0.050
0.047 -0.096
-0.114 0.153
0.127 0.155
-0.005 -0.163
0.018 0.036
-0.050 0.107
0.128 -0.145
-0.102 -0.173
0.004 0.155
-0.020 -0.022
0.054 -0.118
-0.144 0.130
0.079 0.185
-0.004 -0.145
0.023 0.008
-0.058 0.127
0.162 -0.109
-0.059 -0.191
0.004 0.135
-0.026 0.006
0.062 -0.136
-0.177 0.081
0.044 0.194
-0.005 -0.124
0.028 -0.020
-0.067 0.143
0.189 -0.048
-0.031 -0.194
0.006 0.112
-0.031 0.034
0.072 -0.150
-0.195 0.010
0.023 0.191
-0.007 -0.100
0.034 -0.048
-0.078 0.155
0.194 0.030
-0.016 -0.188
0.009 0.088
-0.037 0.061
0.085 -0.158
-0.185 -0.069
0.011 0.183
-0.011 -0.075
0.041 -0.074
-0.093 0.159
0.168 0.105
-0.008 -0.177
0.013 0.061
-0.044 0.086
0.103 -0.157
-0.147 -0.135
0.006 0.170
-0.016 -0.047
0.047 -0.098
-0.116 0.152
0.123 0.159
-0.004 -0.162
0.018 0.033
-0.051 0.109
0.131 -0.143
-0.098 -0.175
0.004 0.153
-0.021 -0.019
0.055 -0.119
-0.147 0.127
0.075 0.186
-0.004 -0.143
0.023 0.005
-0.059 0.129
0.164 -0.105
-0.056 -0.192
0.004 0.133
-0.026 0.009
0.063 -0.137
-0.180 0.076
0.041 0.194
-0.005 -0.122
0.029 -0.023
-0.068 0.145
0.191 -0.042
-0.030 -0.193
0.006 0.110
-0.032 0.037
0.073 -0.151
-0.196 0.003
0.021 0.191
-0.008 -0.098
0.035 -0.050
-0.079 0.155
0.193 0.037
-0.015 -0.187
0.009 0.085
-0.038 0.063
0.086 -0.158
-0.182 -0.075
0.011 0.182
-0.011 -0.072
0.041 -0.076
-0.095 0.159
0.165 0.110
-0.008 -0.176
0.014 0.059
-0.045 0.088
0.105 -0.157
-0.143 -0.139
0.005 0.169
-0.016 -0.045
0.048 -0.100
-0.118 0.151
0.118 0.162
-0.004 -0.160
0.018 0.031
-0.051 0.111
0.133 -0.140
-0.094 -0.178
0.004 0.151
-0.021 -0.017
0.055 -0.121
-0.150 0.124
0.072 0.187
-0.004 -0.142
0.024 0.003
-0.059 0.130
0.167 -0.101
-0.054 -0.192
0.004 0.131
-0.026 0.011
0.064 -0.139
-0.182 0.071
0.039 0.194
-0.005 -0.120
0.029 -0.025
-0.068 0.146
0.192 -0.035
-0.028 -0.193
0.006 0.108
-0.032 0.039
0.074 -0.152
-0.196 -0.004
0.020 0.190
-0.008 -0.096
0.035 -0.052
-0.080 0.156
0.192 0.043
-0.014 -0.186
0.010 0.083
-0.039 0.066
0.087 -0.158
-0.180 -0.081
0.010 0.181
-0.012 -0.070
0.042 -0.078
-0.096 0.159
0.162 0.115
-0.007 -0.175
0.014 0.057
-0.045 0.090
0.107 -0.156
-0.139 -0.144
0.005 0.167
-0.016 -0.043
0.049 -0.102
-0.121 0.150
0.114 0.165
-0.004 -0.159
0.019 0.029
-0.052 0.113
0.136 -0.138
-0.090 -0.180
0.004 0.150
-0.021 -0.015
0.056 -0.123
-0.153 0.120
0.069 0.188
-0.004 -0.140
0.024 0.001
-0.060 0.132
0.170 -0.096
-0.051 -0.193
0.004 0.129
-0.027 0.014
0.064 -0.140
-0.184 0.065
0.037 0.194
-0.005 -0.118
0.030 -0.027
-0.069 0.147
0.193 -0.029
-0.027 -0.193
0.007 0.106
-0.033 0.041
0.075 -0.152
-0.196 -0.010
0.019 0.190
-0.008 -0.094
0.036 -0.055
-0.081 0.157
0.190 0.050
-0.013 -0.185
0.010 0.081
-0.039 0.068
0.089 -0.159
-0.177 -0.087
0.009 0.180
-0.012 -0.068
0.042 -0.080
-0.098 0.158
0.158 0.121
-0.007 -0.173
0.014 0.054
-0.046 0.092
0.109 -0.155
-0.135 -0.148
0.005 0.166
-0.017 -0.040
0.049 -0.104
-0.123 0.148
0.110 0.168
-0.004 -0.158
0.019 0.026
-0.053 0.114
0.139 -0.135
-0.086 -0.181
0.004 0.148
-0.022 -0.012
0.057 -0.124
-0.156 0.117
0.065 0.189
-0.004 -0.138
0.025 -0.002
-0.061 0.133
0.173 -0.091
-0.048 -0.193
0.005 0.128
-0.027 0.016
0.065 -0.141
-0.186 0.059
0.035 0.194
-0.006 -0.116
0.030 -0.030
-0.070 0.148
0.194 -0.023
-0.025 -0.192
0.007 0.104
-0.033 0.044
0.076 -0.153
-0.195 -0.017
0.018 0.189
-0.009 -0.092
0.036 -0.057
-0.082 0.157
0.188 0.056
-0.013 -0.185
0.010 0.079
-0.040 0.070
0.090 -0.159
-0.174 -0.094
0.009 0.179
-0.012 -0.066
0.043 -0.082
-0.100 0.158
0.154 0.126
-0.006 -0.172
0.015 0.052
-0.046 0.094
0.112 -0.154
-0.131 -0.152
0.005 0.165
-0.017 -0.038
0.050 -0.106
-0.126 0.146
0.106 0.171
-0.004 -0.156
0.020 0.024
-0.053 0.116
0.142 -0.133
-0.082 -0.183
0.004 0.147
-0.022 -0.010
0.057 -0.126
-0.159 0.113
0.062 0.190
-0.004 -0.137
0.025 -0.004
-0.061 0.135
0.175 -0.086
-0.046 -0.193
0.005 0.126
-0.028 0.018
0.066 -0.142
-0.188 0.053
0.033 0.194
-0.006 -0.114
0.031 -0.032
-0.071 0.149
0.195 -0.016
-0.024 -0.192
0.007 0.102
-0.034 0.046
0.077 -0.154
-0.195 -0.024
0.017 0.188
-0.009 -0.090
0.037 -0.059
-0.084 0.157
0.187 0.063
-0.012 -0.184
0.011 0.077
-0.040 0.072
0.092 -0.159
-0.171 -0.099
0.008 0.178
-0.013 -0.063
0.043 -0.084
-0.102 0.158
0.151 0.131
-0.006 -0.171
0.015 0.050
-0.047 0.096
0.114 -0.153
-0.126 -0.155
0.005 0.163
-0.018 -0.036
0.050 -0.107
-0.128 0.144
0.102 0.173
-0.004 -0.154
0.020 0.022
-0.054 0.118
0.145 -0.130
-0.079 -0.185
0.004 0.145
-0.023 -0.008
0.058 -0.127
-0.162 0.109
0.059 0.191
-0.004 -0.135
0.026 -0.007
-0.062 0.136
0.178 -0.081
-0.043 -0.194
0.005 0.124
-0.028 0.021
0.067 -0.143
-0.189 0.047
0.031 0.193
-0.006 -0.112
0.031 -0.034
-0.072 0.150
0.195 -0.009
-0.022 -0.191
0.007 0.100
-0.034 0.048
0.078 -0.155
-0.194 -0.030
0.016 0.188
-0.009 -0.087
0.037 -0.061
-0.085 0.158
0.184 0.069
-0.011 -0.183
0.011 0.074
-0.041 0.074
0.093 -0.159
-0.168 -0.105
0.008 0.177
-0.013 -0.061
0.044 -0.086
-0.103 0.157
0.147 0.135
-0.006 -0.170
0.016 0.047
-0.047 0.098
0.116 -0.152
-0.122 -0.159
0.004 0.162
-0.018 -0.033
0.051 -0.109
-0.131 0.142
0.098 0.176
-0.004 -0.153
0.021 0.019
-0.055 0.119
0.148 -0.127
-0.075 -0.186
0.004 0.143
-0.023 -0.005
0.059 -0.129
-0.165 0.105
0.056 0.192
-0.004 -0.133
0.026 -0.009
-0.063 0.137
0.180 -0.076
-0.041 -0.194
0.005 0.122
-0.029 0.023
0.068 -0.145
-0.191 0.041
0.030 0.193
-0.006 -0.110
0.032 -0.037
-0.073 0.151
0.196 -0.003
-0.021 -0.191
0.008 0.098
-0.035 0.050
0.079 -0.155
-0.193 -0.037
0.015 0.187
-0.009 -0.085
0.038 -0.063
-0.086 0.158
0.182 0.076
-0.011 -0.182
0.011 0.072
-0.041 0.076
0.095 -0.159
-0.165 -0.110
0.007 0.176
-0.014 -0.059
0.045 -0.088
-0.105 0.157
0.143 0.140
-0.005 -0.168
0.016 0.045
-0.048 0.100
0.118 -0.151
-0.118 -0.162
0.004 0.160
-0.018 -0.031
0.052 -0.111
-0.133 0.140
0.094 0.178
-0.004 -0.151
0.021 0.017
-0.055 0.121
0.150 -0.124
-0.072 -0.187
0.004 0.142
-0.024 -0.003
0.059 -0.130
-0.167 0.100
0.053 0.192
-0.004 -0.131
0.026 -0.011
-0.064 0.139
0.182 -0.070
-0.039 -0.194
0.005 0.120
-0.029 0.025
0.068 -0.146
-0.192 0.035
0.028 0.193
-0.006 -0.108
0.032 -0.039
-0.074 0.152
0.196 0.004
-0.020 -0.190
0.008 0.096
-0.035 0.053
0.080 -0.156
-0.192 -0.044
0.014 0.186
-0.010 -0.083
0.039 -0.066
-0.088 0.158
0.180 0.082
-0.010 -0.181
0.012 0.070
-0.042 0.078
0.096 -0.159
-0.161 -0.116
0.007 0.174
-0.014 -0.056
0.045 -0.090
-0.107 0.156
0.139 0.144
-0.005 -0.167
0.016 0.043
-0.049 0.102
0.121 -0.150
-0.114 -0.165
0.004 0.159
-0.019 -0.029
0.052 -0.113
-0.136 0.138
0.090 0.180
-0.004 -0.150
0.021 0.015
-0.056 0.123
0.153 -0.120
-0.068 -0.189
0.004 0.140
-0.024 -0.000
0.060 -0.132
-0.170 0.096
0.051 0.193
-0.004 -0.129
0.027 -0.014
-0.064 0.140
0.184 -0.065
-0.037 -0.194
0.005 0.118
-0.030 0.028
0.069 -0.147
-0.193 0.029
0.027 0.193
-0.007 -0.106
0.033 -0.041
-0.075 0.152
0.196 0.011
-0.019 -0.190
0.008 0.094
-0.036 0.055
0.081 -0.157
-0.190 -0.050
0.013 0.185
-0.010 -0.081
0.039 -0.068
-0.089 0.159
0.177 0.088
-0.009 -0.180
0.012 0.068
-0.042 0.080
0.098 -0.159
-0.158 -0.121
0.007 0.173
-0.014 -0.054
0.046 -0.092
-0.110 0.155
0.135 0.148
-0.005 -0.166
0.017 0.040
-0.049 0.104
0.123 -0.148
-0.110 -0.168
0.004 0.157
-0.019 -0.026
0.053 -0.114
-0.139 0.135
0.086 0.182
-0.004 -0.148
0.022 0.012
-0.057 0.124
0.156 -0.117
-0.065 -0.190
0.004 0.138
-0.025 0.002
0.061 -0.133
-0.173 0.091
0.048 0.193
-0.005 -0.128
0.027 -0.016
-0.065 0.141
0.186 -0.059
-0.035 -0.194
0.006 0.116
-0.030 0.030
0.070 -0.148
-0.194 0.022
0.025 0.192
-0.007 -0.104
0.033 -0.044
-0.076 0.153
0.195 0.017
-0.018 -0.189
0.009 0.092
-0.036 0.057
0.082 -0.157
-0.188 -0.057
0.013 0.184
-0.010 -0.079
0.040 -0.070
-0.090 0.159
0.174 0.094
-0.009 -0.179
0.013 0.065
-0.043 0.082
0.100 -0.158
-0.154 -0.126
0.006 0.172
-0.015 -0.052
0.046 -0.094
-0.112 0.154
0.130 0.152
-0.005 -0.164
0.017 0.038
-0.050 0.106
0.126 -0.146
-0.106 -0.171
0.004 0.156
-0.020 -0.024
0.053 -0.116
-0.142 0.133
0.082 0.183
-0.004 -0.147
0.022 0.010
-0.057 0.126
0.159 -0.113
-0.062 -0.190
0.004 0.136
-0.025 0.004
0.061 -0.135
-0.175 0.086
0.046 0.193
-0.005 -0.126
0.028 -0.018
-0.066 0.142
0.188 -0.053
-0.033 -0.194
0.006 0.114
-0.031 0.032
0.071 -0.149
-0.195 0.016
0.024 0.192
-0.007 -0.102
0.034 -0.046
-0.077 0.154
0.195 0.024
-0.017 -0.188
0.009 0.090
-0.037 0.059
0.084 -0.157
-0.186 -0.063
0.012 0.184
-0.011 -0.077
0.040 -0.072
-0.092 0.159
0.171 0.100
-0.008 -0.178
0.013 0.063
-0.043 0.085
0.102 -0.158
-0.150 -0.131
0.006 0.171
-0.015 -0.049
0.047 -0.096
-0.114 0.153
0.126 0.156
-0.005 -0.163
0.018 0.036
-0.050 0.107
0.128 -0.144
-0.101 -0.173
0.004 0.154
-0.020 -0.022
0.054 -0.118
-0.145 0.130
0.079 0.185
-0.004 -0.145
0.023 0.007
-0.058 0.127
0.162 -0.109
-0.059 -0.191
0.004 0.135
-0.026 0.007
0.062 -0.136
-0.178 0.081
0.043 0.194
-0.005 -0.124
0.028 -0.021
-0.067 0.144
0.190 -0.047
-0.031 -0.193
0.006 0.112
-0.031 0.035
0.072 -0.150
-0.195 0.009
0.022 0.191
-0.008 -0.100
0.034 -0.048
-0.078 0.155
0.194 0.031
-0.016 -0.188
0.009 0.087
-0.038 0.061
0.085 -0.158
-0.184 -0.070
0.011 0.183
-0.011 -0.074
0.041 -0.074
-0.093 0.159
0.168 0.105
-0.008 -0.177
0.013 0.061
-0.044 0.087
0.104 -0.157
-0.146 -0.135
0.006 0.170
-0.016 -0.047
0.047 -0.098
-0.116 0.152
0.122 0.159
-0.004 -0.162
0.018 0.033
-0.051 0.109
0.131 -0.142
-0.097 -0.176
0.004 0.153
-0.021 -0.019
0.055 -0.120
-0.148 0.127
0.075 0.186
-0.004 -0.143
0.023 0.005
-0.059 0.129
0.165 -0.104
-0.056 -0.192
0.004 0.133
-0.026 0.009
0.063 -0.137
-0.180 0.076
