1.012 -5.155
1.191 -5.127
1.009 -5.152
1.195 -5.121
1.005 -5.148
1.198 -5.117
1.003 -5.144
1.200 -5.112
1.001 -5.138
1.202 -5.106
1.000 -5.134
1.203 -5.102
0.999 -5.128
1.204 -5.096
0.998 -5.123
1.204 -5.092
0.999 -5.117
1.204 -5.087
0.999 -5.112
1.203 -5.082
1.000 -5.106
1.201 -5.077
1.002 -5.101
1.200 -5.073
1.004 -5.097
1.197 -5.068
1.006 -5.091
1.195 -5.065
1.009 -5.087
1.192 -5.060
1.012 -5.081
1.189 -5.057
1.015 -5.077
1.186 -5.054
1.018 -5.073
1.183 -5.051
1.021 -5.069
1.180 -5.048
1.024 -5.065
1.178 -5.046
1.027 -5.063
1.176 -5.044
1.029 -5.061
1.174 -5.043
1.031 -5.059
1.173 -5.042
1.032 -5.058
1.173 -5.041
1.032 -5.058
1.173 -5.042
1.032 -5.058
1.175 -5.042
1.030 -5.060
1.177 -5.044
1.029 -5.062
1.179 -5.046
1.026 -5.066
1.182 -5.048
1.024 -5.070
1.185 -5.052
1.021 -5.074
1.187 -5.056
1.019 -5.080
1.190 -5.061
1.017 -5.087
1.191 -5.067
1.016 -5.093
1.192 -5.073
1.015 -5.101
1.192 -5.080
1.016 -5.109
1.191 -5.086
1.018 -5.116
1.188 -5.094
1.021 -5.124
1.185 -5.102
1.025 -5.131
1.181 -5.110
1.030 -5.139
1.175 -5.117
1.035 -5.144
1.169 -5.124
1.042 -5.150
1.163 -5.131
1.048 -5.155
1.156 -5.138
1.053 -5.159
1.151 -5.143
1.058 -5.162
1.146 -5.147
1.060 -5.164
1.144 -5.150
1.060 -5.166
1.144 -5.152
1.057 -5.167
1.147 -5.153
1.053 -5.168
1.151 -5.152
1.047 -5.169
1.156 -5.150
1.042 -5.168
1.162 -5.148
1.035 -5.168
1.168 -5.145
1.029 -5.166
1.174 -5.141
1.024 -5.163
1.180 -5.137
1.019 -5.160
1.185 -5.133
1.014 -5.157
1.189 -5.129
1.010 -5.154
1.193 -5.123
1.007 -5.150
1.196 -5.119
1.004 -5.145
1.199 -5.114
1.002 -5.141
1.201 -5.109
1.000 -5.136
1.203 -5.104
0.999 -5.131
1.204 -5.099
0.998 -5.125
1.204 -5.094
0.999 -5.120
1.204 -5.090
0.999 -5.115
1.203 -5.085
1.000 -5.109
1.202 -5.080
1.001 -5.104
1.200 -5.075
1.003 -5.099
1.198 -5.071
1.006 -5.094
1.196 -5.066
1.008 -5.088
1.193 -5.063
1.011 -5.083
1.191 -5.059
1.014 -5.079
1.188 -5.055
1.017 -5.074
1.185 -5.052
1.020 -5.071
1.182 -5.049
1.023 -5.067
1.179 -5.047
1.026 -5.064
1.177 -5.045
1.028 -5.062
1.175 -5.043
1.030 -5.059
1.173 -5.043
1.032 -5.058
1.173 -5.041
1.032 -5.058
1.173 -5.042
1.032 -5.058
1.174 -5.042
1.031 -5.059
1.176 -5.043
1.029 -5.061
1.178 -5.045
1.027 -5.064
1.181 -5.048
1.025 -5.068
1.183 -5.050
1.022 -5.072
1.186 -5.054
1.020 -5.077
1.189 -5.059
1.018 -5.084
1.191 -5.064
1.016 -5.091
1.192 -5.070
1.015 -5.097
1.192 -5.076
1.016 -5.106
1.192 -5.084
1.017 -5.113
1.190 -5.091
1.019 -5.120
1.187 -5.098
1.023 -5.129
1.183 -5.106
1.027 -5.135
1.178 -5.114
1.033 -5.141
1.172 -5.121
1.039 -5.148
1.166 -5.129
1.045 -5.152
1.159 -5.135
1.051 -5.157
1.153 -5.141
1.056 -5.160
1.148 -5.145
1.059 -5.163
1.144 -5.149
1.060 -5.165
1.144 -5.151
1.058 -5.167
1.145 -5.152
1.055 -5.168
1.148 -5.152
1.050 -5.169
1.154 -5.151
1.044 -5.169
1.159 -5.149
1.038 -5.168
1.166 -5.146
1.032 -5.166
1.172 -5.143
1.026 -5.165
1.177 -5.139
1.021 -5.162
1.182 -5.134
1.016 -5.159
1.187 -5.131
1.012 -5.156
1.191 -5.125
1.008 -5.152
1.195 -5.121
1.005 -5.147
1.198 -5.116
1.003 -5.143
1.200 -5.111
1.001 -5.138
1.202 -5.106
0.999 -5.133
1.203 -5.101
0.999 -5.127
1.204 -5.096
0.998 -5.122
1.204 -5.091
0.999 -5.117
1.203 -5.086
1.000 -5.112
1.202 -5.081
1.001 -5.106
1.201 -5.078
1.002 -5.101
1.199 -5.073
1.004 -5.095
1.197 -5.069
1.007 -5.091
1.195 -5.064
1.009 -5.085
1.192 -5.061
1.012 -5.081
1.189 -5.057
1.016 -5.077
1.186 -5.054
1.019 -5.072
1.183 -5.050
1.022 -5.069
1.180 -5.048
1.024 -5.065
1.178 -5.045
1.027 -5.063
1.175 -5.044
1.029 -5.060
1.174 -5.043
1.031 -5.059
1.173 -5.042
1.032 -5.058
1.173 -5.042
1.032 -5.058
1.173 -5.042
1.032 -5.059
1.175 -5.043
1.030 -5.060
1.177 -5.045
1.028 -5.063
1.179 -5.047
1.026 -5.066
1.182 -5.049
1.023 -5.070
1.185 -5.053
1.021 -5.075
1.188 -5.057
1.018 -5.081
1.190 -5.062
1.017 -5.088
1.191 -5.067
1.016 -5.094
1.192 -5.074
1.015 -5.102
1.192 -5.081
1.016 -5.110
1.191 -5.087
1.018 -5.117
1.188 -5.095
1.021 -5.125
1.184 -5.102
1.025 -5.133
1.180 -5.111
1.030 -5.139
1.174 -5.118
1.036 -5.145
1.168 -5.126
1.042 -5.150
1.162 -5.132
1.048 -5.155
1.155 -5.138
1.054 -5.159
1.150 -5.143
1.058 -5.162
1.146 -5.148
1.060 -5.164
1.144 -5.151
1.060 -5.166
1.144 -5.152
1.057 -5.167
1.147 -5.153
1.052 -5.169
1.151 -5.152
1.047 -5.169
1.157 -5.150
1.041 -5.168
1.163 -5.148
1.035 -5.167
1.169 -5.144
1.029 -5.166
1.175 -5.141
1.023 -5.163
1.181 -5.137
1.018 -5.160
1.185 -5.132
1.013 -5.158
1.190 -5.128
1.010 -5.154
1.194 -5.123
1.006 -5.149
1.197 -5.118
1.004 -5.144
1.199 -5.113
1.001 -5.140
1.201 -5.108
1.000 -5.135
1.203 -5.104
0.999 -5.130
1.204 -5.098
0.998 -5.125
1.204 -5.094
0.999 -5.120
1.204 -5.089
0.999 -5.115
1.203 -5.084
1.000 -5.109
1.202 -5.079
1.002 -5.103
1.200 -5.074
1.003 -5.097
1.198 -5.070
1.006 -5.092
1.196 -5.066
1.008 -5.088
1.193 -5.062
1.011 -5.083
1.190 -5.058
1.014 -5.078
1.187 -5.055
1.017 -5.074
1.184 -5.052
1.020 -5.070
1.181 -5.049
1.023 -5.067
1.179 -5.047
1.026 -5.064
1.176 -5.045
1.028 -5.061
1.174 -5.043
1.031 -5.060
1.173 -5.042
1.032 -5.058
1.173 -5.042
1.032 -5.058
1.173 -5.042
1.032 -5.058
1.174 -5.042
1.031 -5.059
1.176 -5.043
1.029 -5.061
1.178 -5.045
1.027 -5.065
1.181 -5.048
1.024 -5.068
1.184 -5.051
1.022 -5.073
1.187 -5.055
1.019 -5.078
1.189 -5.060
1.017 -5.085
1.191 -5.065
1.016 -5.092
1.192 -5.071
1.015 -5.098
1.192 -5.077
1.016 -5.106
1.191 -5.084
1.017 -5.114
1.189 -5.091
1.020 -5.121
1.186 -5.099
1.023 -5.130
1.182 -5.107
1.028 -5.136
1.177 -5.115
1.034 -5.143
1.171 -5.122
1.040 -5.149
1.164 -5.129
1.046 -5.153
1.158 -5.136
1.052 -5.157
1.152 -5.141
1.057 -5.161
1.147 -5.146
1.060 -5.163
1.144 -5.149
1.060 -5.165
1.144 -5.152
1.058 -5.167
1.146 -5.153
1.054 -5.168
1.150 -5.152
1.049 -5.169
1.154 -5.151
1.043 -5.168
1.160 -5.149
1.037 -5.167
1.167 -5.146
1.031 -5.166
1.172 -5.142
1.025 -5.164
1.178 -5.138
1.020 -5.161
1.183 -5.134
1.015 -5.158
1.188 -5.130
1.011 -5.155
1.192 -5.125
1.008 -5.151
1.196 -5.120
1.005 -5.146
1.198 -5.115
1.002 -5.142
1.201 -5.110
1.000 -5.137
1.202 -5.105
0.999 -5.132
1.203 -5.101
0.999 -5.127
1.204 -5.095
0.998 -5.122
1.204 -5.090
0.999 -5.116
1.203 -5.086
1.000 -5.111
1.202 -5.081
1.001 -5.106
1.201 -5.077
1.003 -5.101
1.199 -5.072
1.005 -5.095
1.197 -5.068
1.007 -5.090
1.194 -5.063
1.010 -5.085
1.191 -5.060
1.013 -5.080
1.188 -5.056
1.016 -5.076
1.185 -5.053
1.019 -5.072
1.182 -5.050
1.022 -5.068
1.180 -5.048
1.025 -5.065
1.177 -5.046
1.028 -5.062
1.175 -5.044
1.030 -5.060
1.174 -5.042
1.031 -5.059
1.173 -5.042
1.032 -5.058
1.173 -5.042
1.032 -5.058
1.174 -5.042
1.031 -5.059
1.175 -5.043
1.030 -5.060
1.177 -5.044
1.028 -5.063
1.180 -5.047
1.026 -5.067
1.183 -5.049
1.023 -5.070
1.185 -5.054
1.020 -5.075
1.188 -5.058
1.018 -5.081
1.190 -5.062
1.017 -5.089
1.192 -5.068
1.015 -5.095
1.192 -5.075
1.015 -5.103
1.192 -5.081
1.016 -5.111
1.190 -5.089
1.018 -5.118
1.188 -5.097
1.022 -5.126
1.184 -5.104
1.026 -5.134
1.179 -5.111
1.031 -5.140
1.174 -5.119
1.037 -5.146
1.168 -5.127
1.043 -5.151
1.161 -5.133
1.049 -5.156
1.154 -5.139
1.055 -5.159
1.149 -5.144
1.058 -5.162
1.145 -5.148
1.060 -5.165
1.144 -5.151
1.059 -5.167
1.144 -5.152
1.056 -5.168
1.148 -5.152
1.051 -5.169
1.152 -5.151
1.046 -5.169
1.158 -5.149
1.040 -5.168
1.164 -5.147
1.034 -5.167
1.170 -5.144
1.028 -5.165
1.176 -5.141
1.022 -5.163
1.181 -5.136
1.017 -5.160
1.186 -5.132
1.013 -5.157
1.191 -5.128
1.009 -5.153
1.194 -5.122
1.006 -5.149
1.197 -5.118
1.003 -5.145
1.200 -5.113
1.001 -5.139
1.202 -5.107
1.000 -5.135
1.203 -5.103
0.999 -5.129
1.204 -5.098
0.998 -5.124
1.204 -5.093
0.999 -5.119
1.204 -5.088
0.999 -5.113
1.203 -5.083
1.000 -5.108
1.202 -5.078
1.002 -5.103
1.200 -5.073
1.004 -5.097
1.198 -5.070
1.006 -5.092
1.195 -5.066
1.009 -5.087
1.193 -5.062
1.011 -5.082
1.190 -5.057
1.014 -5.077
1.187 -5.054
1.018 -5.074
1.184 -5.051
1.021 -5.069
1.181 -5.049
1.024 -5.066
1.178 -5.047
1.026 -5.063
1.176 -5.045
1.029 -5.061
1.174 -5.043
1.031 -5.059
1.173 -5.042
1.032 -5.058
1.173 -5.042
1.032 -5.058
1.173 -5.041
1.032 -5.058
1.174 -5.042
1.031 -5.059
1.176 -5.044
1.029 -5.062
1.179 -5.046
1.027 -5.065
1.181 -5.048
1.024 -5.069
1.184 -5.051
1.021 -5.073
1.187 -5.055
1.019 -5.079
1.189 -5.060
1.017 -5.085
1.191 -5.066
1.016 -5.093
1.192 -5.072
1.015 -5.100
1.192 -5.078
1.016 -5.107
1.191 -5.085
1.017 -5.115
1.189 -5.093
1.020 -5.122
1.186 -5.101
1.024 -5.130
1.182 -5.108
1.029 -5.137
1.176 -5.116
1.034 -5.143
1.170 -5.123
1.041 -5.149
1.164 -5.130
1.047 -5.154
1.157 -5.136
1.052 -5.158
1.151 -5.142
1.057 -5.161
1.147 -5.147
1.059 -5.164
1.144 -5.150
1.060 -5.166
1.144 -5.152
1.058 -5.167
1.146 -5.152
1.053 -5.169
1.150 -5.152
1.048 -5.169
1.155 -5.151
1.042 -5.169
1.161 -5.148
1.036 -5.168
1.167 -5.145
1.030 -5.167
1.173 -5.142
1.025 -5.164
1.179 -5.138
1.019 -5.161
1.184 -5.133
1.015 -5.158
1.189 -5.130
1.011 -5.155
1.192 -5.124
1.007 -5.151
1.196 -5.120
1.004 -5.146
1.199 -5.115
1.002 -5.141
1.201 -5.110
1.000 -5.137
1.202 -5.104
0.999 -5.131
1.204 -5.100
0.998 -5.126
1.204 -5.094
0.998 -5.121
1.204 -5.090
0.999 -5.116
1.203 -5.085
1.000 -5.111
1.202 -5.080
1.001 -5.105
1.201 -5.076
1.003 -5.099
1.199 -5.071
1.005 -5.094
1.196 -5.067
1.007 -5.089
1.194 -5.063
1.010 -5.084
1.191 -5.060
1.013 -5.080
1.188 -5.056
1.016 -5.075
1.185 -5.053
1.019 -5.071
1.182 -5.050
1.022 -5.068
1.179 -5.047
1.025 -5.065
1.177 -5.046
1.028 -5.062
1.175 -5.044
1.030 -5.060
1.173 -5.043
1.031 -5.058
1.173 -5.042
1.032 -5.058
1.173 -5.041
1.032 -5.058
1.174 -5.042
1.031 -5.059
1.175 -5.043
1.030 -5.060
1.177 -5.045
1.028 -5.063
1.180 -5.047
1.025 -5.067
1.183 -5.050
1.023 -5.072
1.186 -5.054
1.020 -5.077
1.188 -5.058
1.018 -5.082
1.190 -5.064
1.016 -5.089
1.192 -5.069
1.015 -5.096
1.192 -5.076
1.015 -5.104
1.192 -5.082
1.017 -5.111
1.190 -5.089
1.019 -5.119
1.187 -5.097
1.022 -5.127
1.183 -5.104
1.027 -5.134
1.179 -5.113
1.032 -5.141
1.173 -5.120
1.038 -5.147
1.167 -5.127
1.044 -5.152
1.160 -5.134
1.050 -5.156
1.154 -5.139
1.055 -5.160
1.148 -5.144
1.059 -5.162
1.145 -5.148
1.060 -5.165
1.143 -5.151
1.059 -5.166
1.145 -5.152
1.056 -5.168
1.148 -5.152
1.051 -5.168
1.153 -5.151
1.045 -5.168
1.159 -5.149
1.039 -5.168
1.165 -5.146
1.033 -5.167
1.171 -5.144
1.027 -5.165
1.176 -5.139
1.022 -5.162
1.182 -5.136
1.017 -5.159
1.187 -5.131
1.012 -5.157
1.191 -5.126
1.009 -5.153
1.195 -5.122
1.006 -5.148
1.198 -5.117
1.003 -5.144
1.200 -5.112
1.001 -5.139
1.202 -5.107
1.000 -5.134
1.203 -5.102
0.999 -5.128
1.204 -5.097
0.998 -5.123
1.204 -5.092
0.999 -5.117
1.204 -5.087
0.999 -5.112
1.203 -5.083
1.001 -5.108
1.201 -5.078
1.002 -5.101
1.200 -5.074
1.004 -5.097
1.197 -5.069
1.007 -5.092
1.195 -5.065
1.009 -5.086
1.192 -5.061
1.012 -5.082
1.189 -5.057
1.015 -5.077
1.186 -5.054
1.018 -5.073
1.183 -5.051
1.021 -5.069
1.180 -5.049
1.024 -5.066
1.178 -5.047
1.027 -5.063
1.176 -5.044
1.029 -5.060
1.174 -5.043
1.031 -5.059
1.173 -5.042
1.032 -5.058
1.173 -5.042
1.032 -5.058
1.173 -5.042
1.032 -5.058
1.175 -5.042
1.030 -5.060
1.177 -5.044
1.029 -5.062
1.179 -5.046
1.026 -5.065
1.182 -5.049
1.024 -5.069
1.185 -5.052
1.021 -5.074
1.187 -5.056
1.019 -5.080
1.190 -5.061
1.017 -5.086
1.191 -5.066
1.016 -5.094
1.192 -5.072
1.015 -5.101
1.192 -5.079
1.016 -5.108
1.191 -5.087
1.018 -5.116
1.189 -5.094
1.021 -5.123
1.185 -5.101
1.024 -5.131
1.181 -5.109
1.029 -5.138
1.176 -5.117
1.035 -5.144
1.169 -5.124
1.041 -5.150
1.163 -5.131
1.048 -5.154
1.156 -5.137
1.053 -5.158
1.151 -5.143
1.057 -5.162
1.146 -5.147
1.060 -5.164
1.144 -5.150
1.060 -5.166
1.144 -5.152
1.057 -5.168
1.146 -5.152
1.053 -5.169
1.151 -5.152
1.048 -5.169
1.156 -5.150
1.041 -5.169
1.162 -5.148
1.035 -5.168
1.168 -5.145
1.030 -5.166
1.174 -5.141
1.024 -5.164
1.180 -5.138
1.019 -5.161
1.185 -5.133
1.014 -5.157
1.189 -5.129
1.010 -5.154
1.193 -5.124
1.007 -5.150
1.196 -5.119
1.004 -5.145
1.199 -5.114
1.002 -5.141
1.201 -5.109
1.000 -5.136
1.203 -5.104
0.999 -5.130
1.204 -5.099
0.998 -5.125
1.204 -5.094
0.998 -5.120
1.204 -5.089
0.999 -5.115
1.203 -5.084
1.000 -5.109
1.202 -5.080
1.001 -5.104
1.200 -5.075
1.003 -5.099
1.198 -5.070
1.005 -5.093
1.196 -5.067
1.008 -5.089
1.193 -5.063
1.011 -5.084
1.191 -5.059
1.014 -5.079
1.188 -5.055
1.017 -5.075
1.185 -5.052
1.020 -5.070
1.182 -5.050
1.023 -5.067
1.179 -5.047
1.026 -5.064
1.177 -5.045
1.028 -5.062
1.175 -5.044
1.030 -5.060
1.173 -5.043
1.032 -5.059
1.173 -5.041
1.032 -5.058
1.173 -5.042
1.032 -5.058
1.174 -5.042
1.031 -5.059
1.175 -5.044
1.029 -5.061
1.178 -5.045
1.027 -5.064
1.181 -5.047
1.025 -5.068
1.183 -5.050
1.022 -5.072
1.186 -5.054
1.020 -5.078
1.189 -5.059
1.018 -5.083
1.191 -5.064
1.016 -5.090
1.192 -5.070
1.015 -5.098
1.192 -5.077
1.016 -5.105
1.192 -5.084
1.017 -5.112
1.190 -5.091
1.019 -5.121
1.187 -5.099
1.023 -5.128
1.183 -5.106
1.027 -5.135
1.178 -5.113
1.033 -5.142
1.172 -5.121
1.039 -5.147
1.166 -5.128
1.045 -5.153
1.159 -5.134
1.051 -5.157
1.153 -5.141
1.056 -5.160
1.148 -5.145
1.059 -5.163
1.144 -5.149
1.060 -5.165
1.143 -5.151
1.059 -5.167
1.145 -5.152
1.055 -5.168
1.149 -5.152
1.050 -5.169
1.154 -5.151
1.044 -5.169
1.159 -5.149
1.038 -5.168
1.166 -5.146
1.032 -5.166
1.171 -5.143
1.026 -5.165
1.177 -5.139
1.021 -5.162
1.182 -5.135
1.016 -5.159
1.187 -5.131
1.012 -5.156
1.191 -5.126
1.008 -5.152
1.195 -5.121
1.005 -5.147
1.198 -5.116
1.003 -5.143
1.200 -5.111
1.001 -5.138
1.202 -5.106
0.999 -5.133
1.203 -5.102
0.999 -5.127
1.204 -5.096
0.998 -5.122
1.204 -5.091
0.999 -5.117
1.203 -5.087
0.999 -5.112
1.203 -5.082
1.001 -5.106
1.201 -5.077
1.002 -5.101
1.199 -5.073
1.005 -5.096
1.197 -5.068
1.007 -5.090
1.195 -5.065
1.010 -5.086
1.192 -5.060
1.012 -5.081
1.189 -5.057
1.015 -5.077
1.186 -5.054
1.018 -5.072
1.183 -5.051
1.022 -5.069
1.180 -5.048
1.025 -5.066
1.178 -5.046
1.027 -5.063
1.175 -5.044
1.029 -5.060
1.174 -5.043
1.031 -5.059
1.173 -5.042
1.032 -5.058
1.173 -5.041
1.032 -5.058
1.173 -5.042
1.032 -5.059
1.175 -5.042
1.030 -5.060
1.177 -5.044
1.028 -5.063
1.179 -5.046
1.026 -5.066
1.182 -5.049
1.023 -5.070
1.185 -5.053
1.021 -5.075
1.188 -5.057
1.019 -5.081
1.190 -5.062
1.017 -5.087
1.191 -5.067
1.016 -5.095
1.192 -5.073
1.015 -5.102
1.192 -5.081
1.016 -5.109
1.191 -5.087
1.018 -5.118
1.188 -5.095
1.021 -5.124
1.185 -5.103
1.025 -5.132
1.180 -5.110
1.030 -5.139
1.175 -5.118
1.036 -5.145
1.169 -5.125
1.042 -5.151
1.162 -5.132
1.048 -5.155
1.156 -5.138
1.054 -5.159
1.150 -5.143
1.058 -5.162
1.146 -5.148
1.060 -5.164
1.143 -5.150
1.060 -5.166
1.144 -5.152
1.057 -5.168
1.147 -5.152
1.052 -5.168
1.151 -5.152
1.047 -5.169
1.157 -5.150
1.041 -5.168
1.163 -5.148
1.035 -5.167
1.169 -5.144
1.029 -5.166
1.175 -5.141
1.023 -5.163
1.180 -5.137
1.018 -5.160
1.185 -5.132
1.014 -5.157
1.190 -5.128
1.010 -5.154
1.193 -5.123
1.006 -5.149
1.197 -5.118
1.004 -5.144
1.199 -5.113
1.001 -5.140
1.201 -5.108
1.000 -5.135
1.203 -5.103
0.999 -5.130
1.204 -5.099
0.998 -5.124
1.204 -5.094
0.999 -5.120
1.204 -5.088
0.999 -5.114
1.203 -5.084
1.000 -5.108
1.202 -5.079
1.001 -5.103
1.200 -5.074
1.003 -5.098
1.198 -5.071
1.006 -5.093
1.196 -5.066
1.008 -5.088
1.193 -5.062
1.011 -5.083
1.190 -5.058
1.014 -5.078
1.187 -5.055
1.017 -5.074
1.184 -5.052
1.020 -5.071
1.181 -5.049
1.023 -5.067
1.179 -5.047
1.026 -5.064
1.176 -5.045
1.028 -5.061
1.174 -5.043
1.030 -5.059
1.173 -5.042
1.032 -5.059
1.173 -5.041
1.032 -5.058
1.173 -5.041
1.032 -5.058
1.174 -5.043
1.031 -5.059
1.176 -5.043
1.029 -5.061
1.178 -5.046
1.027 -5.064
1.181 -5.047
1.024 -5.068
1.184 -5.051
1.022 -5.072
1.186 -5.054
1.020 -5.078
1.189 -5.059
1.017 -5.084
1.191 -5.065
1.016 -5.091
1.192 -5.070
1.015 -5.099
1.192 -5.077
1.016 -5.106
1.191 -5.084
1.017 -5.114
1.190 -5.092
1.020 -5.122
1.186 -5.099
1.023 -5.129
1.182 -5.107
1.028 -5.136
1.177 -5.115
1.033 -5.142
1.171 -5.122
1.039 -5.148
1.165 -5.129
1.046 -5.153
1.158 -5.135
1.051 -5.158
1.152 -5.141
1.056 -5.161
1.148 -5.146
1.059 -5.163
1.145 -5.149
1.060 -5.166
1.143 -5.151
1.058 -5.167
1.145 -5.152
1.054 -5.168
1.149 -5.152
1.049 -5.169
1.154 -5.151
1.043 -5.169
1.160 -5.149
1.037 -5.168
1.166 -5.146
1.031 -5.166
1.172 -5.142
1.026 -5.164
1.178 -5.139
1.020 -5.162
1.183 -5.134
1.016 -5.158
1.188 -5.130
1.011 -5.156
1.192 -5.125
1.008 -5.151
1.195 -5.120
1.005 -5.147
1.198 -5.116
1.002 -5.142
1.201 -5.111
1.001 -5.138
1.202 -5.105
0.999 -5.132
1.203 -5.101
0.999 -5.128
1.204 -5.095
0.998 -5.122
1.204 -5.091
0.999 -5.116
1.203 -5.086
1.000 -5.111
1.202 -5.081
1.001 -5.105
1.201 -5.077
1.003 -5.100
1.199 -5.072
1.005 -5.095
1.197 -5.067
1.007 -5.090
1.194 -5.064
1.010 -5.085
1.192 -5.060
1.013 -5.081
1.189 -5.057
1.016 -5.076
1.186 -5.054
1.019 -5.072
1.183 -5.050
1.022 -5.069
1.180 -5.048
1.025 -5.065
1.177 -5.046
1.027 -5.062
1.175 -5.044
1.030 -5.061
1.174 -5.042
1.031 -5.059
1.173 -5.042
1.032 -5.058
1.173 -5.042
1.032 -5.058
1.174 -5.042
1.031 -5.059
1.175 -5.043
1.030 -5.061
1.177 -5.045
1.028 -5.063
1.180 -5.046
1.026 -5.066
1.182 -5.049
1.023 -5.071
1.185 -5.053
1.021 -5.076
1.188 -5.058
1.018 -5.082
1.190 -5.062
1.017 -5.088
1.192 -5.068
1.015 -5.095
1.192 -5.074
1.015 -5.103
1.192 -5.081
1.016 -5.110
1.190 -5.089
1.018 -5.118
1.188 -5.096
1.022 -5.125
1.184 -5.104
1.026 -5.133
1.179 -5.111
1.031 -5.140
1.174 -5.119
1.037 -5.146
1.168 -5.126
1.043 -5.151
1.161 -5.133
1.049 -5.155
1.155 -5.139
1.054 -5.159
1.150 -5.144
1.058 -5.162
1.146 -5.148
1.060 -5.165
1.144 -5.151
1.059 -5.166
1.144 -5.152
1.056 -5.168
1.147 -5.152
1.052 -5.168
1.152 -5.151
1.046 -5.169
1.157 -5.150
1.040 -5.168
1.164 -5.147
1.034 -5.167
1.170 -5.144
1.028 -5.166
1.175 -5.140
1.023 -5.163
1.181 -5.137
1.018 -5.160
1.186 -5.132
1.013 -5.156
1.190 -5.127
1.009 -5.153
1.194 -5.122
1.006 -5.149
1.197 -5.118
1.003 -5.145
1.200 -5.113
1.001 -5.139
1.202 -5.108
1.000 -5.134
1.203 -5.102
0.999 -5.130
1.204 -5.098
0.998 -5.124
1.204 -5.093
0.999 -5.119
1.204 -5.088
0.999 -5.114
1.203 -5.084
1.000 -5.108
1.202 -5.079
1.002 -5.103
1.200 -5.074
1.004 -5.098
1.198 -5.070
1.006 -5.092
1.195 -5.065
1.009 -5.087
1.193 -5.062
1.012 -5.083
1.190 -5.058
1.014 -5.078
1.187 -5.054
1.017 -5.073
1.184 -5.052
1.021 -5.070
1.181 -5.049
1.023 -5.066
1.178 -5.047
1.026 -5.064
1.176 -5.045
1.028 -5.061
1.174 -5.043
1.031 -5.060
1.173 -5.042
1.032 -5.058
1.173 -5.042
1.032 -5.058
1.173 -5.042
1.032 -5.058
1.174 -5.043
1.031 -5.059
1.176 -5.043
1.029 -5.061
1.179 -5.045
1.027 -5.064
1.181 -5.048
1.024 -5.069
1.184 -5.052
1.021 -5.073
1.187 -5.055
1.019 -5.079
1.189 -5.060
1.017 -5.085
1.191 -5.066
1.016 -5.092
1.192 -5.071
1.015 -5.100
1.192 -5.078
1.016 -5.107
1.191 -5.085
1.017 -5.115
1.189 -5.092
1.020 -5.123
1.186 -5.101
1.024 -5.130
1.182 -5.108
1.029 -5.137
1.176 -5.115
1.034 -5.144
1.171 -5.123
1.040 -5.149
1.164 -5.130
1.047 -5.153
1.157 -5.136
1.052 -5.158
1.152 -5.142
1.057 -5.161
1.147 -5.146
1.060 -5.163
1.144 -5.150
1.060 -5.166
1.144 -5.151
1.058 -5.167
1.146 -5.153
1.054 -5.168
1.150 -5.152
1.048 -5.169
1.155 -5.151
1.043 -5.168
1.161 -5.149
1.037 -5.167
1.167 -5.145
1.030 -5.166
1.173 -5.142
1.025 -5.164
1.179 -5.138
1.020 -5.161
1.184 -5.134
1.015 -5.158
1.189 -5.130
1.011 -5.155
1.192 -5.124
1.007 -5.151
1.196 -5.120
1.004 -5.146
1.199 -5.115
1.002 -5.142
1.201 -5.110
1.000 -5.137
1.202 -5.105
0.999 -5.131
1.204 -5.100
0.999 -5.127
1.204 -5.095
0.998 -5.121
1.204 -5.090
0.999 -5.115
1.203 -5.085
1.000 -5.110
1.202 -5.080
1.001 -5.105
1.201 -5.076
1.003 -5.100
1.199 -5.071
1.005 -5.095
1.196 -5.068
1.008 -5.090
1.194 -5.063
1.010 -5.085
1.191 -5.060
1.013 -5.080
1.188 -5.056
1.016 -5.076
1.185 -5.053
1.019 -5.072
1.182 -5.050
1.022 -5.068
1.179 -5.047
1.025 -5.065
1.177 -5.046
1.028 -5.062
1.175 -5.044
1.030 -5.060
1.173 -5.043
1.031 -5.058
1.173 -5.042
1.032 -5.058
1.173 -5.041
1.032 -5.058
1.174 -5.042
1.031 -5.059
1.175 -5.043
1.030 -5.061
1.177 -5.044
1.028 -5.064
1.180 -5.047
1.025 -5.067
1.183 -5.050
1.023 -5.071
1.186 -5.054
1.020 -5.077
1.188 -5.058
1.018 -5.083
1.190 -5.063
1.016 -5.089
1.192 -5.069
1.015 -5.096
1.192 -5.076
1.015 -5.104
1.192 -5.082
1.017 -5.112
1.190 -5.089
1.019 -5.119
1.187 -5.097
1.022 -5.126
1.184 -5.105
1.026 -5.134
1.179 -5.112
1.032 -5.141
1.173 -5.120
1.038 -5.146
1.167 -5.127
1.044 -5.152
1.160 -5.133
1.050 -5.156
1.154 -5.139
1.055 -5.160
1.149 -5.144
1.059 -5.162
1.145 -5.148
1.060 -5.165
1.144 -5.151
1.059 -5.167
1.145 -5.152
1.056 -5.168
1.148 -5.152
1.051 -5.169
1.153 -5.151
1.045 -5.169
1.159 -5.149
1.039 -5.169
1.164 -5.147
1.033 -5.167
1.171 -5.144
1.027 -5.165
1.176 -5.140
1.022 -5.162
1.181 -5.135
1.017 -5.159
1.187 -5.131
1.013 -5.156
1.191 -5.126
1.009 -5.153
1.194 -5.122
1.006 -5.148
1.198 -5.117
1.003 -5.144
1.200 -5.112
1.001 -5.138
1.202 -5.107
1.000 -5.134
1.203 -5.102
0.999 -5.129
1.204 -5.097
0.998 -5.123
1.204 -5.092
0.999 -5.118
1.204 -5.088
0.999 -5.113
1.203 -5.083
1.000 -5.107
1.201 -5.078
1.002 -5.102
1.200 -5.073
1.004 -5.096
1.198 -5.069
1.006 -5.091
1.195 -5.066
1.009 -5.086
1.192 -5.061
1.012 -5.082
1.190 -5.057
1.015 -5.077
1.187 -5.054
1.018 -5.074
1.183 -5.051
1.021 -5.069
1.181 -5.049
1.024 -5.066
1.178 -5.047
1.026 -5.063
1.176 -5.044
1.029 -5.061
1.174 -5.043
1.031 -5.059
1.173 -5.042
1.032 -5.058
1.173 -5.042
1.032 -5.058
1.173 -5.042
1.032 -5.058
1.174 -5.043
1.030 -5.060
1.176 -5.044
1.029 -5.062
1.179 -5.045
1.026 -5.065
1.182 -5.049
1.024 -5.069
1.184 -5.052
1.021 -5.074
1.187 -5.056
1.019 -5.080
1.189 -5.061
1.017 -5.086
1.191 -5.066
1.016 -5.093
1.192 -5.072
1.015 -5.100
1.192 -5.079
1.016 -5.108
1.191 -5.087
1.018 -5.116
1.189 -5.094
1.020 -5.124
1.185 -5.101
1.024 -5.131
1.181 -5.109
1.029 -5.137
1.176 -5.117
1.035 -5.144
1.169 -5.124
1.041 -5.150
1.163 -5.131
1.047 -5.154
1.157 -5.137
1.053 -5.158
1.151 -5.143
1.057 -5.162
1.146 -5.147
1.060 -5.164
1.144 -5.150
1.060 -5.166
1.144 -5.152
1.057 -5.167
1.146 -5.152
1.053 -5.168
1.150 -5.152
1.048 -5.169
1.156 -5.150
1.042 -5.169
1.162 -5.148
1.036 -5.168
1.168 -5.145
1.030 -5.166
1.174 -5.142
1.024 -5.164
1.179 -5.138
1.019 -5.161
1.184 -5.133
1.014 -5.157
1.189 -5.129
1.010 -5.155
1.193 -5.124
1.007 -5.150
1.196 -5.119
1.004 -5.145
1.199 -5.114
1.002 -5.141
1.201 -5.109
1.000 -5.136
1.203 -5.104
0.999 -5.131
1.204 -5.100
0.999 -5.126
1.204 -5.094
0.998 -5.120
1.204 -5.089
0.999 -5.115
1.203 -5.084
1.000 -5.110
1.202 -5.079
1.001 -5.104
1.200 -5.076
1.003 -5.098
1.199 -5.071
1.005 -5.094
1.196 -5.067
1.008 -5.089
1.194 -5.062
1.010 -5.084
1.191 -5.059
1.013 -5.079
1.188 -5.056
1.017 -5.075
1.185 -5.053
1.020 -5.071
1.182 -5.050
1.023 -5.068
1.179 -5.047
1.026 -5.065
1.177 -5.045
1.028 -5.062
1.175 -5.044
1.030 -5.060
1.173 -5.042
1.031 -5.058
1.173 -5.042
1.032 -5.058
1.173 -5.042
1.032 -5.058
1.174 -5.042
1.031 -5.059
1.176 -5.043
1.030 -5.061
1.178 -5.045
1.027 -5.063
1.180 -5.047
1.025 -5.067
1.183 -5.050
1.022 -5.072
1.186 -5.055
1.020 -5.077
1.189 -5.058
1.018 -5.083
1.191 -5.064
1.016 -5.090
1.192 -5.069
1.015 -5.097
1.192 -5.076
1.015 -5.104
1.192 -5.083
1.017 -5.113
1.190 -5.090
1.019 -5.120
1.187 -5.098
1.023 -5.127
1.183 -5.106
1.027 -5.135
1.178 -5.113
1.032 -5.141
1.172 -5.121
1.038 -5.148
1.166 -5.128
1.045 -5.153
1.159 -5.134
1.051 -5.156
1.154 -5.140
1.056 -5.160
1.148 -5.145
1.059 -5.163
1.145 -5.149
1.060 -5.165
1.144 -5.151
1.058 -5.167
1.145 -5.152
1.055 -5.168
1.149 -5.152
1.050 -5.169
1.153 -5.151
1.044 -5.169
1.159 -5.149
1.038 -5.168
1.165 -5.146
1.032 -5.167
1.171 -5.143
1.026 -5.165
1.177 -5.139
1.021 -5.162
1.182 -5.135
1.016 -5.159
1.187 -5.131
1.012 -5.155
1.191 -5.126
1.008 -5.152
1.195 -5.121
1.005 -5.148
1.198 -5.117
1.003 -5.143
1.200 -5.112
1.001 -5.139
1.202 -5.106
0.999 -5.133
1.203 -5.102
0.999 -5.128
1.204 -5.096
0.998 -5.122
1.204 -5.092
0.999 -5.118
1.204 -5.087
1.000 -5.113
1.203 -5.082
1.001 -5.107
1.201 -5.077
1.002 -5.102
1.199 -5.073
1.004 -5.096
1.197 -5.068
1.007 -5.091
1.195 -5.065
1.009 -5.086
1.192 -5.060
1.012 -5.082
1.189 -5.058
1.015 -5.077
1.186 -5.053
1.018 -5.073
1.183 -5.051
1.021 -5.069
1.180 -5.049
1.024 -5.065
1.178 -5.046
1.027 -5.063
1.175 -5.044
1.029 -5.061
1.174 -5.043
1.031 -5.059
1.173 -5.042
1.032 -5.058
1.173 -5.041
1.032 -5.058
1.173 -5.041
1.032 -5.059
1.175 -5.043
1.030 -5.060
1.177 -5.044
1.028 -5.062
1.179 -5.046
1.026 -5.066
1.182 -5.049
1.024 -5.070
1.185 -5.052
1.021 -5.075
1.187 -5.057
1.019 -5.081
1.190 -5.062
1.017 -5.087
1.191 -5.067
1.016 -5.094
1.192 -5.073
1.015 -5.101
1.192 -5.080
1.016 -5.109
1.191 -5.087
1.018 -5.117
1.188 -5.094
1.021 -5.125
1.185 -5.103
1.025 -5.132
1.180 -5.110
1.030 -5.139
1.175 -5.117
1.036 -5.145
1.169 -5.125
1.042 -5.150
1.162 -5.132
1.048 -5.155
1.156 -5.138
1.053 -5.159
1.150 -5.143
1.058 -5.162
1.146 -5.147
1.060 -5.164
1.144 -5.150
1.059 -5.166
1.144 -5.152
1.057 -5.168
1.147 -5.152
1.053 -5.168
1.151 -5.152
1.047 -5.169
1.157 -5.150
1.041 -5.168
1.163 -5.148
1.035 -5.168
1.169 -5.145
1.029 -5.166
1.175 -5.141
1.024 -5.163
1.180 -5.137
1.018 -5.160
1.185 -5.133
1.014 -5.157
1.189 -5.128
1.010 -5.154
1.193 -5.123
1.006 -5.150
1.197 -5.119
1.004 -5.145
1.199 -5.114
1.002 -5.140
1.201 -5.109
1.000 -5.135
1.203 -5.103
0.999 -5.131
1.204 -5.099
0.998 -5.125
1.204 -5.093
0.998 -5.120
1.204 -5.088
0.999 -5.114
1.203 -5.084
1.000 -5.109
1.202 -5.080
1.002 -5.104
1.200 -5.075
1.003 -5.098
1.198 -5.071
1.006 -5.093
1.196 -5.066
1.008 -5.088
1.193 -5.063
1.011 -5.084
1.190 -5.059
1.014 -5.079
1.187 -5.055
1.017 -5.074
1.184 -5.052
1.020 -5.070
1.181 -5.049
1.023 -5.067
1.179 -5.047
1.026 -5.064
1.176 -5.045
1.029 -5.062
1.175 -5.043
1.030 -5.060
1.173 -5.042
1.032 -5.059
1.173 -5.041
1.032 -5.058
1.173 -5.042
1.032 -5.058
1.174 -5.042
1.031 -5.059
1.176 -5.043
1.030 -5.062
1.178 -5.045
1.027 -5.064
1.181 -5.048
1.025 -5.068
1.184 -5.051
1.022 -5.072
1.186 -5.054
1.020 -5.078
1.189 -5.059
1.018 -5.084
1.191 -5.065
1.016 -5.091
1.192 -5.070
1.015 -5.098
1.192 -5.077
1.016 -5.106
1.191 -5.084
1.017 -5.114
1.190 -5.092
1.019 -5.121
1.187 -5.099
1.023 -5.128
1.182 -5.106
1.028 -5.135
1.177 -5.115
1.033 -5.142
1.171 -5.122
1.039 -5.148
1.165 -5.129
1.045 -5.153
1.159 -5.135
1.051 -5.157
1.153 -5.141
1.056 -5.161
1.147 -5.145
1.059 -5.163
1.144 -5.149
1.060 -5.165
1.144 -5.151
1.058 -5.167
1.145 -5.152
1.055 -5.168
1.149 -5.152
1.049 -5.169
1.154 -5.151
1.043 -5.169
1.160 -5.149
1.037 -5.168
1.166 -5.146
1.032 -5.166
1.172 -5.142
1.026 -5.165
1.178 -5.139
1.020 -5.162
1.183 -5.134
1.016 -5.158
1.188 -5.130
1.011 -5.155
1.192 -5.125
1.008 -5.152
1.195 -5.121
1.005 -5.147
1.198 -5.116
1.002 -5.143
1.201 -5.111
1.001 -5.138
1.202 -5.106
0.999 -5.133
1.203 -5.101
0.999 -5.128
1.204 -5.096
0.998 -5.121
1.204 -5.091
0.999 -5.117
1.203 -5.086
0.999 -5.111
1.202 -5.081
1.001 -5.106
1.201 -5.076
1.002 -5.100
1.199 -5.072
1.005 -5.096
1.197 -5.068
1.007 -5.090
1.194 -5.064
1.009 -5.085
1.192 -5.060
1.013 -5.081
1.189 -5.057
1.016 -5.076
1.186 -5.054
1.019 -5.072
1.183 -5.051
1.022 -5.068
1.180 -5.047
1.025 -5.065
1.177 -5.046
1.027 -5.062
1.175 -5.044
1.029 -5.060
1.174 -5.043
1.031 -5.059
1.173 -5.042
1.032 -5.058
1.173 -5.041
1.032 -5.058
1.173 -5.042
1.031 -5.059
1.175 -5.043
1.030 -5.061
1.177 -5.044
1.028 -5.063
1.180 -5.046
1.026 -5.066
1.182 -5.050
1.023 -5.071
1.185 -5.053
1.021 -5.075
1.188 -5.057
1.018 -5.081
1.190 -5.062
1.017 -5.088
1.192 -5.068
1.016 -5.095
1.192 -5.074
1.015 -5.102
1.192 -5.081
1.016 -5.110
1.191 -5.088
1.018 -5.118
1.188 -5.096
1.021 -5.126
1.184 -5.103
1.026 -5.133
1.180 -5.111
1.031 -5.140
1.174 -5.119
1.036 -5.146
1.168 -5.126
1.043 -5.151
1.162 -5.133
1.049 -5.155
1.155 -5.138
1.054 -5.159
1.149 -5.143
1.058 -5.162
1.145 -5.148
1.060 -5.164
1.144 -5.151
1.059 -5.166
1.144 -5.152
1.056 -5.168
1.147 -5.152
1.052 -5.169
1.152 -5.152
1.046 -5.169
1.157 -5.150
1.040 -5.168
1.164 -5.147
1.034 -5.167
1.170 -5.144
1.028 -5.166
1.175 -5.140
1.023 -5.163
1.181 -5.137
1.018 -5.160
1.186 -5.132
1.013 -5.156
1.190 -5.127
1.009 -5.153
1.194 -5.123
1.006 -5.149
1.197 -5.118
1.003 -5.144
1.200 -5.113
1.001 -5.139
1.202 -5.108
1.000 -5.134
1.203 -5.103
0.999 -5.130
1.204 -5.098
0.998 -5.125
1.204 -5.093
0.999 -5.119
1.204 -5.088
0.999 -5.114
1.203 -5.084
1.000 -5.108
1.202 -5.079
1.002 -5.102
1.200 -5.074
1.004 -5.098
1.198 -5.070
1.006 -5.093
1.196 -5.065
1.008 -5.087
1.193 -5.062
1.011 -5.082
1.190 -5.058
1.014 -5.078
1.187 -5.055
1.017 -5.074
1.184 -5.052
1.020 -5.070
1.181 -5.049
1.024 -5.067
1.178 -5.047
1.026 -5.063
1.176 -5.045
1.029 -5.061
1.174 -5.043
1.030 -5.059
1.173 -5.042
1.032 -5.058
1.173 -5.041
1.032 -5.058
1.173 -5.042
1.032 -5.059
1.174 -5.042
1.031 -5.059
1.176 -5.044
1.029 -5.061
1.178 -5.046
1.027 -5.065
1.181 -5.048
1.024 -5.068
1.184 -5.052
1.022 -5.073
1.187 -5.055
1.019 -5.079
1.189 -5.060
1.017 -5.085
1.191 -5.065
1.016 -5.092
1.192 -5.071
1.015 -5.099
1.192 -5.078
1.016 -5.107
1.191 -5.085
1.017 -5.114
1.189 -5.092
1.020 -5.122
1.186 -5.100
1.024 -5.129
1.182 -5.108
1.028 -5.137
1.177 -5.115
1.034 -5.143
1.171 -5.123
1.040 -5.149
1.164 -5.129
1.046 -5.153
1.158 -5.136
1.052 -5.158
1.152 -5.142
1.057 -5.161
1.147 -5.146
1.060 -5.163
1.144 -5.149
1.060 -5.166
1.144 -5.152
1.058 -5.167
1.146 -5.152
1.054 -5.168
1.150 -5.152
1.049 -5.169
1.155 -5.151
1.043 -5.168
1.161 -5.149
1.037 -5.167
1.167 -5.145
1.031 -5.166
1.173 -5.142
1.025 -5.164
1.179 -5.138
1.020 -5.161
1.184 -5.134
1.015 -5.158
1.188 -5.130
1.011 -5.154
1.192 -5.125
1.007 -5.151
1.196 -5.120
1.005 -5.146
1.199 -5.115
1.002 -5.142
1.201 -5.110
1.000 -5.137
1.202 -5.105
0.999 -5.132
1.204 -5.101
0.999 -5.127
1.204 -5.095
0.999 -5.122
1.204 -5.090
0.999 -5.116
1.203 -5.085
1.000 -5.110
1.202 -5.080
1.001 -5.105
1.201 -5.077
1.003 -5.100
1.199 -5.072
1.005 -5.094
1.197 -5.068
1.007 -5.090
1.194 -5.063
1.010 -5.085
1.191 -5.060
1.013 -5.080
1.188 -5.056
1.016 -5.075
1.185 -5.053
1.019 -5.071
1.182 -5.050
1.022 -5.068
1.180 -5.047
1.025 -5.065
1.177 -5.046
1.028 -5.062
1.175 -5.044
1.030 -5.060
1.173 -5.043
1.031 -5.059
1.173 -5.042
1.032 -5.058
1.173 -5.042
1.032 -5.058
1.174 -5.042
1.031 -5.059
1.175 -5.043
1.030 -5.061
1.177 -5.045
1.028 -5.063
1.180 -5.046
1.026 -5.067
1.183 -5.050
1.023 -5.071
1.186 -5.054
1.020 -5.076
1.188 -5.058
1.018 -5.082
1.190 -5.063
1.016 -5.089
1.192 -5.069
1.016 -5.096
1.192 -5.075
1.015 -5.104
1.192 -5.082
1.016 -5.111
1.190 -5.089
1.019 -5.119
1.188 -5.096
1.022 -5.127
1.184 -5.105
1.026 -5.133
1.179 -5.112
1.031 -5.140
1.173 -5.119
1.037 -5.146
1.167 -5.127
1.044 -5.151
1.160 -5.133
1.050 -5.156
1.154 -5.139
1.055 -5.160
1.149 -5.144
1.059 -5.163
1.145 -5.148
1.060 -5.165
1.143 -5.151
1.059 -5.166
1.144 -5.152
1.056 -5.168
1.148 -5.152
1.051 -5.169
1.153 -5.151
1.045 -5.169
1.158 -5.150
1.039 -5.168
1.164 -5.147
1.033 -5.167
1.171 -5.144
1.028 -5.165
1.176 -5.140
1.022 -5.163
1.181 -5.135
1.017 -5.160
1.186 -5.132
1.013 -5.156
1.191 -5.127
1.009 -5.153
1.194 -5.122
1.006 -5.148
1.197 -5.117
1.003 -5.143
1.200 -5.112
1.001 -5.139
1.202 -5.107
1.000 -5.135
1.203 -5.102
0.999 -5.129
1.204 -5.097
0.998 -5.124
1.204 -5.093
0.999 -5.118
1.204 -5.088
0.999 -5.113
1.203 -5.083
1.000 -5.107
1.201 -5.078
1.002 -5.102
1.200 -5.073
1.004 -5.097
1.198 -5.069
1.006 -5.091
1.195 -5.065
1.009 -5.087
1.192 -5.061
1.012 -5.082
1.190 -5.057
1.015 -5.078
1.187 -5.054
1.018 -5.073
1.184 -5.051
1.021 -5.069
1.181 -5.049
1.024 -5.066
1.178 -5.047
1.027 -5.063
1.176 -5.044
1.029 -5.061
1.174 -5.043
1.031 -5.059
1.173 -5.042
1.032 -5.058
1.173 -5.042
1.032 -5.058
1.173 -5.041
1.032 -5.058
1.174 -5.042
1.030 -5.059
1.176 -5.043
1.029 -5.062
1.179 -5.046
1.026 -5.065
1.182 -5.048
1.024 -5.069
1.184 -5.051
1.021 -5.074
1.187 -5.056
1.019 -5.079
1.189 -5.060
1.017 -5.086
1.191 -5.066
1.016 -5.092
1.192 -5.072
1.015 -5.100
1.192 -5.079
1.016 -5.108
1.191 -5.086
1.018 -5.115
1.189 -5.094
1.020 -5.123
1.186 -5.101
1.024 -5.130
1.181 -5.108
1.029 -5.138
1.176 -5.117
1.035 -5.144
1.170 -5.123
1.041 -5.149
1.163 -5.131
1.047 -5.154
1.157 -5.137
1.053 -5.158
1.151 -5.142
1.057 -5.162
1.147 -5.147
1.060 -5.164
1.144 -5.150
1.060 -5.166
1.144 -5.152
1.057 -5.168
1.146 -5.153
1.053 -5.168
1.150 -5.152
1.048 -5.168
1.155 -5.150
1.042 -5.169
1.162 -5.148
1.036 -5.167
1.168 -5.145
1.030 -5.166
1.174 -5.142
1.024 -5.164
1.179 -5.138
1.019 -5.161
1.184 -5.133
1.014 -5.158
1.189 -5.129
1.010 -5.154
1.193 -5.124
1.007 -5.150
1.196 -5.119
1.004 -5.146
1.199 -5.115
1.002 -5.141
1.201 -5.109
1.000 -5.136
1.203 -5.104
0.999 -5.131
1.204 -5.100
0.999 -5.126
1.204 -5.094
0.998 -5.120
1.204 -5.089
0.999 -5.116
1.203 -5.085
1.000 -5.110
1.202 -5.080
1.001 -5.104
1.201 -5.076
1.003 -5.099
1.199 -5.071
1.005 -5.094
1.196 -5.067
1.008 -5.089
1.194 -5.063
1.011 -5.084
1.191 -5.059
1.013 -5.079
1.188 -5.056
1.017 -5.075
1.185 -5.053
1.019 -5.071
1.182 -5.050
1.022 -5.067
1.179 -5.047
1.025 -5.064
1.177 -5.045
1.028 -5.061
1.175 -5.043
1.030 -5.060
1.173 -5.042
1.031 -5.058
1.173 -5.042
1.032 -5.058
1.173 -5.041
1.032 -5.058
1.174 -5.042
1.031 -5.059
1.175 -5.043
1.030 -5.061
1.178 -5.045
1.027 -5.063
1.180 -5.048
1.025 -5.067
1.183 -5.051
1.022 -5.071
1.186 -5.054
1.020 -5.077
1.188 -5.058
1.018 -5.083
1.190 -5.063
1.016 -5.090
1.192 -5.069
1.015 -5.097
1.192 -5.075
1.016 -5.105
1.192 -5.083
1.017 -5.112
1.190 -5.090
1.019 -5.120
1.187 -5.098
1.022 -5.128
1.183 -5.105
1.027 -5.135
1.178 -5.113
1.032 -5.141
1.173 -5.121
1.038 -5.147
1.166 -5.128
1.044 -5.152
1.160 -5.134
1.051 -5.156
1.153 -5.140
1.056 -5.160
1.149 -5.145
1.059 -5.163
1.144 -5.148
1.060 -5.165
1.143 -5.151
1.059 -5.167
1.145 -5.152
1.055 -5.168
1.148 -5.152
1.050 -5.168
1.153 -5.151
1.045 -5.168
1.159 -5.149
1.039 -5.168
1.165 -5.146
1.032 -5.167
1.171 -5.143
1.027 -5.165
1.177 -5.139
1.021 -5.162
1.182 -5.135
1.016 -5.159
1.187 -5.131
1.012 -5.155
1.191 -5.126
1.008 -5.152
1.195 -5.121
1.005 -5.148
1.198 -5.117
1.003 -5.144
1.200 -5.112
1.001 -5.138
1.202 -5.107
1.000 -5.134
1.203 -5.101
0.999 -5.128
1.204 -5.097
0.998 -5.123
1.204 -5.092
0.999 -5.117
1.204 -5.087
0.999 -5.112
1.203 -5.082
1.001 -5.107
1.201 -5.077
1.002 -5.101
1.199 -5.073
1.004 -5.096
1.197 -5.069
1.007 -5.091
1.195 -5.065
1.009 -5.086
1.192 -5.061
1.012 -5.081
1.189 -5.057
1.015 -5.077
1.186 -5.053
1.018 -5.073
1.183 -5.051
1.021 -5.069
1.180 -5.049
1.024 -5.066
1.178 -5.046
1.027 -5.063
1.175 -5.044
1.029 -5.060
1.174 -5.042
1.031 -5.059
1.173 -5.042
1.032 -5.058
1.173 -5.042
1.032 -5.058
1.173 -5.042
1.032 -5.059
1.175 -5.042
1.031 -5.060
1.177 -5.044
1.028 -5.062
1.179 -5.046
1.026 -5.066
1.182 -5.048
1.024 -5.070
1.185 -5.052
1.021 -5.074
1.187 -5.057
1.019 -5.080
1.190 -5.062
1.017 -5.087
1.191 -5.067
1.016 -5.094
1.192 -5.073
1.015 -5.102
1.192 -5.080
1.016 -5.109
1.191 -5.087
1.018 -5.116
1.188 -5.094
1.021 -5.124
1.185 -5.102
1.025 -5.132
1.181 -5.110
1.030 -5.139
1.175 -5.117
1.035 -5.145
1.169 -5.125
1.042 -5.150
1.163 -5.132
1.048 -5.155
1.156 -5.138
1.054 -5.158
1.151 -5.143
1.058 -5.161
1.146 -5.147
1.060 -5.164
1.143 -5.150
1.060 -5.166
1.144 -5.152
1.057 -5.168
1.146 -5.152
1.052 -5.169
1.151 -5.152
1.047 -5.169
1.157 -5.150
1.041 -5.169
1.163 -5.148
1.035 -5.168
1.169 -5.145
1.029 -5.166
1.175 -5.141
1.023 -5.164
1.180 -5.137
1.018 -5.161
1.185 -5.133
1.014 -5.157
1.189 -5.128
1.010 -5.153
1.193 -5.123
1.007 -5.150
1.197 -5.119
1.004 -5.145
1.199 -5.114
1.002 -5.140
1.201 -5.109
1.000 -5.136
1.203 -5.103
0.999 -5.130
1.204 -5.099
0.998 -5.125
1.204 -5.093
0.998 -5.119
1.204 -5.089
0.999 -5.114
1.203 -5.084
1.000 -5.109
1.202 -5.080
1.001 -5.104
1.200 -5.075
1.003 -5.099
1.198 -5.070
1.006 -5.094
1.196 -5.066
1.008 -5.088
1.193 -5.062
1.011 -5.083
1.190 -5.059
1.014 -5.078
1.187 -5.055
1.017 -5.075
1.184 -5.052
1.020 -5.071
1.181 -5.050
1.023 -5.067
1.179 -5.047
1.026 -5.064
1.176 -5.045
1.028 -5.061
1.175 -5.043
1.030 -5.060
1.173 -5.042
1.031 -5.058
1.173 -5.042
1.032 -5.058
1.173 -5.042
1.032 -5.058
1.174 -5.042
1.031 -5.059
1.176 -5.043
1.030 -5.061
1.178 -5.045
1.027 -5.064
1.181 -5.048
1.025 -5.068
1.184 -5.050
1.022 -5.073
1.186 -5.055
1.020 -5.077
1.189 -5.059
1.018 -5.084
1.191 -5.065
1.016 -5.091
1.192 -5.070
1.015 -5.098
1.192 -5.076
1.016 -5.106
1.191 -5.083
1.017 -5.113
1.190 -5.091
1.019 -5.121
1.187 -5.098
1.023 -5.129
1.183 -5.107
1.027 -5.136
1.178 -5.114
1.033 -5.142
1.172 -5.121
1.039 -5.148
1.166 -5.129
1.045 -5.153
1.159 -5.135
1.051 -5.157
1.153 -5.141
1.056 -5.160
1.148 -5.145
1.059 -5.163
1.145 -5.149
1.060 -5.165
1.143 -5.151
1.058 -5.167
1.145 -5.153
1.055 -5.168
1.149 -5.152
1.049 -5.169
1.154 -5.151
1.044 -5.169
1.160 -5.149
1.038 -5.168
1.166 -5.146
1.032 -5.166
1.172 -5.143
1.026 -5.165
1.178 -5.139
1.021 -5.162
1.183 -5.135
1.016 -5.159
1.188 -5.131
1.012 -5.155
1.192 -5.125
1.008 -5.152
1.195 -5.121
1.005 -5.147
1.198 -5.116
1.003 -5.143
1.201 -5.111
1.001 -5.138
1.202 -5.106
0.999 -5.133
1.203 -5.100
0.999 -5.127
1.204 -5.096
0.998 -5.122
1.204 -5.091
0.999 -5.117
1.203 -5.086
1.000 -5.112
1.202 -5.081
1.001 -5.106
1.201 -5.077
1.003 -5.101
1.199 -5.073
1.005 -5.095
1.197 -5.068
1.007 -5.091
1.194 -5.064
1.010 -5.086
1.192 -5.060
1.013 -5.081
1.189 -5.057
1.015 -5.076
1.186 -5.053
1.019 -5.073
1.183 -5.051
1.022 -5.069
1.180 -5.048
1.025 -5.065
1.177 -5.046
1.027 -5.063
1.175 -5.044
1.029 -5.060
1.174 -5.043
1.031 -5.059
1.173 -5.042
1.032 -5.058
1.173 -5.041
1.032 -5.058
1.173 -5.042
1.031 -5.059
1.175 -5.043
1.030 -5.061
1.177 -5.044
1.028 -5.063
1.179 -5.047
1.026 -5.066
1.182 -5.049
1.023 -5.070
1.185 -5.053
1.021 -5.075
1.188 -5.057
1.018 -5.081
1.190 -5.062
1.017 -5.088
1.191 -5.068
1.016 -5.095
1.192 -5.074
1.015 -5.102
1.192 -5.080
1.016 -5.110
1.191 -5.088
1.018 -5.118
1.188 -5.096
1.021 -5.125
1.184 -5.103
1.025 -5.133
1.180 -5.110
1.031 -5.139
1.174 -5.119
1.036 -5.145
1.168 -5.126
1.043 -5.150
1.162 -5.133
1.049 -5.155
1.155 -5.138
1.054 -5.159
1.150 -5.143
1.058 -5.162
1.146 -5.148
1.060 -5.164
1.144 -5.150
1.060 -5.166
1.144 -5.152
1.057 -5.167
1.147 -5.152
1.052 -5.169
1.152 -5.152
1.047 -5.168
1.157 -5.150
1.040 -5.168
1.163 -5.148
1.034 -5.167
1.169 -5.144
1.028 -5.166
1.175 -5.140
1.023 -5.163
1.181 -5.137
1.018 -5.160
1.186 -5.132
1.013 -5.157
1.190 -5.127
1.009 -5.154
1.194 -5.123
1.006 -5.149
1.197 -5.118
1.004 -5.144
1.200 -5.113
1.001 -5.140
1.202 -5.108
1.000 -5.135
1.203 -5.103
0.999 -5.130
1.204 -5.098
0.998 -5.124
1.204 -5.093
0.998 -5.119
1.204 -5.088
0.999 -5.113
1.203 -5.083
1.000 -5.109
1.202 -5.079
1.002 -5.103
1.200 -5.074
1.003 -5.097
1.198 -5.070
1.006 -5.092
1.196 -5.066
1.008 -5.088
1.193 -5.062
1.011 -5.083
1.190 -5.058
1.014 -5.078
1.187 -5.055
1.017 -5.074
1.184 -5.052
1.020 -5.070
1.181 -5.049
1.023 -5.066
1.178 -5.047
1.026 -5.064
1.176 -5.045
1.029 -5.061
1.174 -5.043
1.030 -5.059
1.173 -5.042
1.031 -5.058
1.173 -5.041
1.032 -5.058
1.173 -5.041
1.032 -5.059
1.174 -5.043
1.031 -5.059
1.176 -5.043
1.029 -5.062
1.178 -5.045
1.027 -5.065
1.181 -5.048
1.024 -5.068
1.184 -5.051
1.022 -5.073
1.187 -5.056
1.020 -5.079
1.189 -5.060
1.017 -5.085
1.191 -5.065
1.016 -5.092
1.192 -5.071
1.015 -5.099
1.192 -5.078
1.016 -5.106
1.191 -5.085
1.017 -5.115
1.189 -5.092
1.020 -5.122
1.186 -5.100
1.023 -5.130
1.182 -5.107
1.028 -5.137
1.177 -5.115
1.034 -5.143
1.171 -5.123
1.040 -5.149
1.164 -5.129
1.046 -5.153
1.158 -5.136
1.052 -5.158
1.152 -5.141
1.056 -5.161
1.147 -5.146
1.059 -5.164
1.144 -5.149
1.060 -5.166
1.144 -5.151
1.058 -5.167
1.146 -5.152
1.054 -5.168
1.149 -5.152
1.049 -5.169
1.155 -5.151
1.043 -5.169
1.161 -5.149
1.037 -5.168
1.166 -5.145
1.031 -5.166
1.173 -5.142
1.025 -5.164
1.178 -5.138
1.020 -5.161
1.183 -5.134
1.015 -5.158
1.188 -5.130
1.011 -5.154
1.192 -5.125
1.008 -5.151
1.196 -5.120
1.005 -5.146
1.199 -5.115
1.002 -5.142
1.201 -5.110
1.000 -5.137
1.202 -5.105
0.999 -5.132
1.204 -5.101
0.999 -5.127
1.204 -5.095
0.998 -5.122
1.204 -5.090
0.999 -5.116
1.203 -5.086
1.000 -5.111
1.202 -5.081
1.001 -5.106
1.201 -5.076
1.003 -5.099
1.199 -5.072
1.005 -5.095
1.197 -5.067
1.007 -5.089
1.194 -5.064
1.010 -5.084
1.191 -5.059
1.013 -5.080
1.188 -5.057
1.016 -5.076
1.185 -5.053
1.019 -5.072
1.182 -5.050
1.022 -5.068
1.180 -5.047
1.025 -5.065
1.177 -5.046
1.027 -5.062
1.175 -5.044
1.029 -5.060
1.174 -5.043
1.031 -5.059
1.173 -5.042
1.032 -5.058
1.173 -5.042
1.032 -5.058
1.174 -5.042
1.031 -5.059
1.175 -5.043
1.030 -5.061
1.177 -5.044
1.028 -5.063
1.180 -5.047
1.026 -5.067
1.183 -5.049
1.023 -5.071
1.186 -5.053
1.020 -5.076
1.188 -5.058
1.018 -5.082
1.190 -5.063
1.016 -5.088
1.192 -5.068
1.015 -5.096
1.192 -5.075
1.015 -5.103
1.192 -5.082
1.016 -5.111
1.190 -5.088
1.019 -5.119
1.188 -5.096
1.022 -5.126
1.184 -5.104
1.026 -5.134
1.179 -5.112
1.031 -5.140
1.173 -5.119
1.037 -5.146
1.167 -5.126
1.043 -5.151
1.161 -5.133
1.050 -5.156
1.154 -5.139
1.055 -5.159
1.149 -5.144
1.058 -5.163
1.145 -5.148
1.060 -5.165
1.144 -5.151
1.059 -5.167
1.145 -5.152
1.056 -5.168
1.148 -5.152
1.051 -5.169
1.152 -5.151
1.046 -5.169
1.158 -5.150
1.039 -5.168
1.164 -5.147
1.034 -5.167
1.170 -5.144
1.028 -5.166
1.176 -5.140
1.022 -5.163
1.181 -5.136
1.017 -5.160
1.186 -5.132
1.013 -5.156
1.190 -5.127
1.009 -5.153
1.194 -5.122
1.006 -5.149
1.197 -5.118
1.003 -5.144
1.200 -5.113
1.001 -5.139
1.202 -5.107
1.000 -5.134
1.203 -5.102
0.999 -5.129
1.204 -5.098
0.998 -5.124
1.204 -5.093
0.999 -5.118
1.204 -5.087
0.999 -5.113
1.203 -5.083
1.000 -5.108
1.202 -5.078
1.002 -5.103
1.200 -5.073
1.004 -5.097
1.198 -5.070
1.006 -5.092
1.195 -5.065
1.009 -5.087
1.193 -5.062
1.012 -5.082
1.190 -5.058
1.015 -5.077
1.187 -5.054
1.018 -5.074
1.184 -5.052
1.021 -5.070
1.181 -5.049
1.024 -5.066
1.178 -5.047
1.027 -5.064
1.176 -5.044
1.029 -5.061
1.174 -5.043
1.030 -5.059
1.173 -5.042
1.032 -5.058
1.173 -5.041
1.032 -5.058
1.173 -5.042
1.032 -5.058
1.174 -5.043
1.030 -5.059
1.176 -5.044
1.029 -5.062
1.179 -5.046
1.026 -5.065
1.181 -5.048
1.024 -5.069
1.184 -5.052
1.021 -5.074
1.187 -5.056
1.019 -5.080
1.189 -5.060
1.017 -5.086
1.191 -5.066
1.016 -5.093
1.192 -5.072
1.015 -5.100
1.192 -5.079
1.016 -5.107
1.191 -5.086
1.017 -5.116
1.189 -5.093
1.020 -5.123
1.186 -5.101
1.024 -5.131
1.181 -5.108
1.029 -5.137
1.176 -5.116
1.035 -5.143
1.170 -5.123
1.041 -5.149
1.164 -5.130
1.047 -5.154
1.157 -5.137
1.053 -5.158
1.151 -5.142
1.057 -5.161
1.147 -5.147
1.060 -5.164
1.144 -5.150
1.060 -5.166
1.144 -5.152
1.058 -5.167
1.146 -5.152
1.053 -5.169
1.150 -5.152
1.048 -5.169
1.155 -5.150
1.042 -5.168
1.161 -5.148
1.036 -5.167
1.167 -5.145
1.030 -5.166
1.174 -5.142
1.025 -5.164
1.179 -5.138
1.019 -5.161
1.184 -5.134
1.015 -5.158
1.189 -5.129
1.011 -5.154
1.193 -5.124
1.007 -5.151
1.196 -5.120
1.004 -5.146
1.199 -5.115
1.002 -5.141
1.201 -5.110
1.000 -5.137
1.203 -5.104
0.999 -5.131
1.204 -5.100
0.998 -5.126
1.204 -5.094
0.998 -5.121
1.204 -5.090
0.999 -5.116
1.203 -5.085
1.000 -5.109
1.202 -5.080
1.001 -5.105
1.201 -5.076
1.003 -5.099
1.199 -5.071
1.005 -5.094
1.196 -5.067
1.008 -5.089
1.194 -5.063
1.010 -5.084
1.191 -5.060
1.013 -5.079
1.188 -5.056
1.016 -5.075
1.185 -5.053
1.019 -5.071
1.182 -5.050
1.023 -5.068
1.179 -5.047
1.025 -5.065
1.177 -5.045
1.028 -5.062
1.175 -5.043
1.030 -5.060
1.173 -5.042
1.031 -5.059
1.173 -5.042
1.032 -5.058
1.173 -5.042
1.032 -5.058
1.174 -5.042
1.031 -5.059
1.175 -5.043
1.030 -5.061
1.178 -5.045
1.028 -5.064
1.180 -5.047
1.025 -5.067
1.183 -5.050
1.023 -5.072
1.186 -5.054
1.020 -5.077
1.188 -5.058
1.018 -5.082
1.190 -5.063
1.016 -5.089
1.192 -5.069
1.015 -5.097
1.192 -5.075
1.015 -5.104
1.192 -5.083
1.017 -5.112
1.190 -5.090
1.019 -5.120
1.187 -5.098
1.022 -5.127
1.183 -5.105
1.027 -5.135
1.178 -5.113
1.032 -5.141
1.173 -5.120
1.038 -5.147
1.166 -5.127
1.044 -5.152
1.160 -5.134
1.050 -5.156
1.154 -5.140
1.055 -5.160
1.148 -5.145
1.059 -5.163
1.145 -5.148
1.060 -5.165
1.144 -5.151
1.059 -5.167
1.145 -5.152
1.056 -5.168
1.148 -5.152
1.050 -5.169
1.153 -5.151
1.045 -5.169
1.159 -5.149
1.039 -5.168
1.165 -5.147
1.033 -5.167
1.171 -5.143
1.027 -5.165
1.177 -5.139
1.022 -5.162
1.182 -5.135
1.017 -5.159
1.187 -5.131
1.012 -5.156
1.191 -5.126
1.009 -5.153
1.195 -5.122
1.005 -5.148
1.198 -5.117
1.003 -5.144
1.200 -5.112
1.001 -5.138
1.202 -5.107
1.000 -5.134
1.203 -5.101
0.999 -5.128
1.204 -5.097
0.998 -5.123
1.204 -5.092
0.999 -5.117
1.204 -5.087
0.999 -5.112
1.203 -5.083
1.001 -5.107
1.201 -5.078
1.002 -5.101
1.200 -5.073
1.004 -5.097
1.197 -5.069
1.007 -5.092
1.195 -5.065
1.009 -5.086
1.192 -5.061
1.012 -5.082
1.189 -5.057
1.015 -5.077
1.186 -5.054
1.018 -5.073
1.183 -5.051
1.021 -5.069
1.180 -5.049
1.024 -5.065
1.178 -5.046
1.027 -5.063
1.176 -5.044
1.029 -5.061
1.174 -5.043
1.031 -5.059
1.173 -5.042
1.032 -5.058
1.173 -5.042
1.032 -5.058
1.173 -5.042
1.032 -5.059
1.174 -5.043
1.031 -5.060
1.176 -5.044
1.028 -5.062
1.179 -5.046
1.026 -5.065
1.182 -5.049
1.024 -5.070
1.185 -5.052
1.021 -5.074
1.187 -5.057
1.019 -5.080
1.190 -5.062
1.017 -5.087
1.191 -5.067
1.016 -5.094
1.192 -5.073
1.015 -5.101
1.192 -5.080
1.016 -5.108
1.191 -5.086
1.018 -5.117
1.189 -5.094
1.021 -5.124
1.185 -5.102
1.025 -5.132
1.181 -5.110
1.030 -5.138
1.175 -5.117
1.035 -5.145
1.169 -5.124
1.042 -5.150
1.163 -5.131
1.048 -5.154
1.156 -5.137
1.053 -5.158
1.151 -5.143
1.058 -5.161
1.146 -5.147
1.060 -5.164
1.144 -5.150
1.059 -5.166
1.144 -5.152
1.057 -5.168
1.147 -5.153
1.053 -5.169
1.151 -5.152
1.047 -5.169
1.156 -5.150
1.041 -5.169
1.162 -5.148
1.035 -5.167
1.168 -5.145
1.029 -5.165
1.174 -5.142
1.024 -5.164
1.180 -5.138
1.019 -5.161
1.185 -5.133
1.014 -5.157
1.189 -5.128
1.010 -5.153
1.193 -5.124
1.007 -5.150
1.197 -5.119
1.004 -5.145
1.199 -5.114
1.002 -5.141
1.201 -5.109
1.000 -5.136
1.203 -5.104
0.999 -5.130
1.204 -5.099
0.998 -5.125
1.204 -5.094
0.999 -5.120
1.204 -5.089
0.999 -5.115
1.203 -5.084
1.000 -5.109
1.202 -5.079
1.001 -5.103
1.200 -5.075
1.003 -5.099
1.198 -5.070
1.005 -5.093
1.196 -5.067
1.008 -5.089
1.193 -5.062
1.011 -5.083
1.191 -5.059
1.014 -5.079
1.188 -5.055
1.017 -5.074
1.184 -5.053
1.020 -5.071
1.182 -5.050
1.023 -5.067
1.179 -5.047
1.026 -5.064
1.176 -5.045
1.028 -5.062
1.174 -5.044
1.030 -5.059
1.173 -5.042
1.031 -5.058
1.173 -5.042
1.032 -5.058
1.173 -5.042
1.032 -5.058
1.174 -5.042
1.031 -5.059
1.176 -5.043
1.030 -5.061
1.178 -5.045
1.027 -5.064
1.181 -5.047
1.025 -5.068
1.183 -5.050
1.022 -5.072
1.186 -5.055
1.020 -5.078
1.189 -5.058
1.018 -5.083
1.191 -5.065
1.016 -5.090
1.192 -5.070
1.015 -5.098
1.192 -5.076
1.016 -5.105
1.191 -5.083
1.017 -5.113
1.190 -5.091
1.019 -5.121
1.187 -5.098
1.023 -5.128
1.183 -5.107
1.027 -5.135
1.178 -5.114
1.033 -5.142
1.172 -5.121
1.039 -5.147
1.166 -5.129
1.045 -5.153
1.159 -5.135
1.051 -5.157
1.153 -5.141
1.056 -5.160
1.148 -5.145
1.059 -5.163
1.144 -5.149
1.060 -5.166
1.144 -5.151
1.058 -5.167
1.145 -5.152
1.055 -5.168
1.149 -5.152
1.050 -5.169
1.154 -5.151
1.044 -5.169
1.160 -5.149
1.038 -5.168
1.166 -5.146
1.032 -5.167
1.172 -5.143
1.026 -5.165
1.177 -5.139
1.021 -5.162
1.183 -5.135
1.016 -5.159
1.188 -5.131
1.012 -5.155
1.192 -5.126
1.008 -5.152
1.195 -5.121
1.005 -5.147
1.198 -5.116
1.003 -5.143
1.200 -5.111
1.001 -5.137
1.202 -5.106
0.999 -5.133
1.203 -5.101
0.999 -5.127
1.204 -5.096
0.998 -5.122
1.204 -5.091
0.999 -5.117
1.203 -5.087
0.999 -5.112
1.203 -5.082
1.001 -5.106
1.201 -5.077
1.002 -5.101
1.199 -5.073
1.004 -5.095
